vehicle_id,task_id,q_ki
VEH000080,TSK000017,1
VEH000323,TSK000017,1
VEH000340,TSK000017,1
VEH000520,TSK000017,1
VEH000379,TSK000017,1
VEH000328,TSK000017,1
VEH000346,TSK000017,1
VEH000305,TSK000017,1
VEH000060,TSK000017,0
VEH000272,TSK000017,0
VEH000352,TSK000017,1
VEH000045,TSK000017,1
VEH000361,TSK000017,1
VEH000257,TSK000017,1
VEH000421,TSK000017,1
VEH000337,TSK000017,1
VEH000248,TSK000017,1
VEH000402,TSK000017,0
VEH000064,TSK000017,1
VEH000459,TSK000017,1
VEH000484,TSK000017,0
VEH000455,TSK000017,1
VEH000373,TSK000017,1
VEH000516,TSK000017,1
VEH000091,TSK000017,1
VEH000011,TSK000017,1
VEH000277,TSK000017,1
VEH000089,TSK000017,1
VEH000288,TSK000017,0
VEH000377,TSK000017,0
VEH000231,TSK000017,0
VEH000092,TSK000017,1
VEH000263,TSK000017,1
VEH000047,TSK000017,0
VEH000095,TSK000017,1
VEH000440,TSK000017,1
VEH000427,TSK000017,1
VEH000031,TSK000017,1
VEH000309,TSK000017,1
VEH000094,TSK000017,0
VEH000003,TSK000017,1
VEH000318,TSK000017,1
VEH000499,TSK000017,1
VEH000388,TSK000017,0
VEH000397,TSK000017,1
VEH000218,TSK000017,1
VEH000467,TSK000017,1
VEH000100,TSK000017,1
VEH000275,TSK000017,0
VEH000065,TSK000017,1
VEH000299,TSK000017,1
VEH000533,TSK000017,1
VEH000416,TSK000017,1
VEH000058,TSK000017,1
VEH000301,TSK000017,1
VEH000034,TSK000017,0
VEH000043,TSK000017,1
VEH000517,TSK000017,1
VEH000307,TSK000017,1
VEH000422,TSK000017,1
VEH000281,TSK000017,1
VEH000354,TSK000017,0
VEH000386,TSK000017,1
VEH000324,TSK000017,1
VEH000251,TSK000017,1
VEH000313,TSK000017,1
VEH000477,TSK000017,1
VEH000478,TSK000017,0
VEH000265,TSK000017,1
VEH000221,TSK000017,1
VEH000068,TSK000017,1
VEH000431,TSK000017,1
VEH000071,TSK000017,1
VEH000521,TSK000017,1
VEH000053,TSK000017,1
VEH000269,TSK000017,1
VEH000336,TSK000017,1
VEH000341,TSK000017,1
VEH000261,TSK000017,1
VEH000042,TSK000017,1
VEH000353,TSK000017,1
VEH000308,TSK000017,1
VEH000296,TSK000017,1
VEH000078,TSK000017,1
VEH000511,TSK000017,1
VEH000529,TSK000017,0
VEH000220,TSK000017,1
VEH000037,TSK000017,1
VEH000367,TSK000017,1
VEH000368,TSK000017,1
VEH000411,TSK000017,0
VEH000085,TSK000017,1
VEH000098,TSK000017,1
VEH000395,TSK000017,0
VEH000420,TSK000017,0
VEH000083,TSK000017,1
VEH000024,TSK000017,0
VEH000025,TSK000017,1
VEH000280,TSK000017,1
VEH000523,TSK000017,0
VEH000080,TSK000021,1
VEH000323,TSK000021,1
VEH000340,TSK000021,1
VEH000520,TSK000021,1
VEH000379,TSK000021,1
VEH000328,TSK000021,1
VEH000346,TSK000021,0
VEH000305,TSK000021,1
VEH000060,TSK000021,1
VEH000272,TSK000021,0
VEH000352,TSK000021,1
VEH000045,TSK000021,1
VEH000361,TSK000021,1
VEH000257,TSK000021,0
VEH000421,TSK000021,1
VEH000337,TSK000021,1
VEH000248,TSK000021,0
VEH000402,TSK000021,1
VEH000064,TSK000021,1
VEH000459,TSK000021,0
VEH000484,TSK000021,1
VEH000455,TSK000021,1
VEH000373,TSK000021,1
VEH000516,TSK000021,1
VEH000091,TSK000021,1
VEH000011,TSK000021,1
VEH000277,TSK000021,0
VEH000089,TSK000021,1
VEH000288,TSK000021,1
VEH000377,TSK000021,1
VEH000231,TSK000021,0
VEH000092,TSK000021,1
VEH000263,TSK000021,1
VEH000047,TSK000021,1
VEH000095,TSK000021,1
VEH000440,TSK000021,1
VEH000427,TSK000021,0
VEH000031,TSK000021,1
VEH000309,TSK000021,1
VEH000094,TSK000021,0
VEH000003,TSK000021,1
VEH000318,TSK000021,1
VEH000499,TSK000021,1
VEH000388,TSK000021,1
VEH000397,TSK000021,1
VEH000218,TSK000021,1
VEH000467,TSK000021,1
VEH000100,TSK000021,0
VEH000275,TSK000021,0
VEH000065,TSK000021,1
VEH000299,TSK000021,1
VEH000533,TSK000021,1
VEH000416,TSK000021,1
VEH000058,TSK000021,0
VEH000301,TSK000021,1
VEH000034,TSK000021,1
VEH000043,TSK000021,1
VEH000517,TSK000021,1
VEH000307,TSK000021,1
VEH000422,TSK000021,1
VEH000281,TSK000021,1
VEH000354,TSK000021,1
VEH000386,TSK000021,1
VEH000324,TSK000021,1
VEH000251,TSK000021,0
VEH000313,TSK000021,1
VEH000477,TSK000021,0
VEH000478,TSK000021,0
VEH000265,TSK000021,1
VEH000221,TSK000021,1
VEH000068,TSK000021,0
VEH000431,TSK000021,1
VEH000071,TSK000021,1
VEH000521,TSK000021,1
VEH000053,TSK000021,1
VEH000269,TSK000021,1
VEH000336,TSK000021,1
VEH000341,TSK000021,1
VEH000261,TSK000021,1
VEH000042,TSK000021,1
VEH000353,TSK000021,1
VEH000308,TSK000021,1
VEH000296,TSK000021,1
VEH000078,TSK000021,1
VEH000511,TSK000021,1
VEH000529,TSK000021,1
VEH000220,TSK000021,1
VEH000037,TSK000021,1
VEH000367,TSK000021,1
VEH000368,TSK000021,1
VEH000411,TSK000021,0
VEH000085,TSK000021,0
VEH000098,TSK000021,1
VEH000395,TSK000021,1
VEH000420,TSK000021,1
VEH000083,TSK000021,1
VEH000024,TSK000021,0
VEH000025,TSK000021,0
VEH000280,TSK000021,1
VEH000523,TSK000021,1
VEH000080,TSK000071,1
VEH000323,TSK000071,0
VEH000340,TSK000071,1
VEH000520,TSK000071,0
VEH000379,TSK000071,1
VEH000328,TSK000071,1
VEH000346,TSK000071,1
VEH000305,TSK000071,1
VEH000060,TSK000071,1
VEH000272,TSK000071,0
VEH000352,TSK000071,1
VEH000045,TSK000071,1
VEH000361,TSK000071,1
VEH000257,TSK000071,1
VEH000421,TSK000071,1
VEH000337,TSK000071,1
VEH000248,TSK000071,1
VEH000402,TSK000071,1
VEH000064,TSK000071,1
VEH000459,TSK000071,0
VEH000484,TSK000071,1
VEH000455,TSK000071,1
VEH000373,TSK000071,1
VEH000516,TSK000071,1
VEH000091,TSK000071,1
VEH000011,TSK000071,1
VEH000277,TSK000071,1
VEH000089,TSK000071,1
VEH000288,TSK000071,1
VEH000377,TSK000071,1
VEH000231,TSK000071,1
VEH000092,TSK000071,0
VEH000263,TSK000071,1
VEH000047,TSK000071,1
VEH000095,TSK000071,1
VEH000440,TSK000071,1
VEH000427,TSK000071,1
VEH000031,TSK000071,1
VEH000309,TSK000071,1
VEH000094,TSK000071,1
VEH000003,TSK000071,1
VEH000318,TSK000071,1
VEH000499,TSK000071,1
VEH000388,TSK000071,1
VEH000397,TSK000071,0
VEH000218,TSK000071,1
VEH000467,TSK000071,0
VEH000100,TSK000071,1
VEH000275,TSK000071,1
VEH000065,TSK000071,1
VEH000299,TSK000071,1
VEH000533,TSK000071,0
VEH000416,TSK000071,1
VEH000058,TSK000071,0
VEH000301,TSK000071,0
VEH000034,TSK000071,1
VEH000043,TSK000071,0
VEH000517,TSK000071,1
VEH000307,TSK000071,1
VEH000422,TSK000071,1
VEH000281,TSK000071,1
VEH000354,TSK000071,0
VEH000386,TSK000071,1
VEH000324,TSK000071,1
VEH000251,TSK000071,1
VEH000313,TSK000071,1
VEH000477,TSK000071,1
VEH000478,TSK000071,0
VEH000265,TSK000071,0
VEH000221,TSK000071,1
VEH000068,TSK000071,1
VEH000431,TSK000071,1
VEH000071,TSK000071,1
VEH000521,TSK000071,1
VEH000053,TSK000071,0
VEH000269,TSK000071,1
VEH000336,TSK000071,1
VEH000341,TSK000071,1
VEH000261,TSK000071,1
VEH000042,TSK000071,0
VEH000353,TSK000071,1
VEH000308,TSK000071,1
VEH000296,TSK000071,1
VEH000078,TSK000071,1
VEH000511,TSK000071,1
VEH000529,TSK000071,1
VEH000220,TSK000071,1
VEH000037,TSK000071,0
VEH000367,TSK000071,0
VEH000368,TSK000071,1
VEH000411,TSK000071,0
VEH000085,TSK000071,1
VEH000098,TSK000071,1
VEH000395,TSK000071,1
VEH000420,TSK000071,0
VEH000083,TSK000071,1
VEH000024,TSK000071,1
VEH000025,TSK000071,1
VEH000280,TSK000071,1
VEH000523,TSK000071,1
VEH000080,TSK000074,1
VEH000323,TSK000074,1
VEH000340,TSK000074,1
VEH000520,TSK000074,1
VEH000379,TSK000074,1
VEH000328,TSK000074,1
VEH000346,TSK000074,1
VEH000305,TSK000074,1
VEH000060,TSK000074,0
VEH000272,TSK000074,1
VEH000352,TSK000074,1
VEH000045,TSK000074,1
VEH000361,TSK000074,1
VEH000257,TSK000074,1
VEH000421,TSK000074,1
VEH000337,TSK000074,1
VEH000248,TSK000074,1
VEH000402,TSK000074,1
VEH000064,TSK000074,1
VEH000459,TSK000074,1
VEH000484,TSK000074,1
VEH000455,TSK000074,1
VEH000373,TSK000074,1
VEH000516,TSK000074,1
VEH000091,TSK000074,1
VEH000011,TSK000074,1
VEH000277,TSK000074,1
VEH000089,TSK000074,0
VEH000288,TSK000074,0
VEH000377,TSK000074,1
VEH000231,TSK000074,1
VEH000092,TSK000074,0
VEH000263,TSK000074,0
VEH000047,TSK000074,1
VEH000095,TSK000074,0
VEH000440,TSK000074,1
VEH000427,TSK000074,1
VEH000031,TSK000074,1
VEH000309,TSK000074,1
VEH000094,TSK000074,1
VEH000003,TSK000074,1
VEH000318,TSK000074,0
VEH000499,TSK000074,1
VEH000388,TSK000074,0
VEH000397,TSK000074,1
VEH000218,TSK000074,0
VEH000467,TSK000074,0
VEH000100,TSK000074,1
VEH000275,TSK000074,0
VEH000065,TSK000074,0
VEH000299,TSK000074,1
VEH000533,TSK000074,1
VEH000416,TSK000074,1
VEH000058,TSK000074,1
VEH000301,TSK000074,1
VEH000034,TSK000074,1
VEH000043,TSK000074,1
VEH000517,TSK000074,0
VEH000307,TSK000074,1
VEH000422,TSK000074,1
VEH000281,TSK000074,1
VEH000354,TSK000074,1
VEH000386,TSK000074,1
VEH000324,TSK000074,1
VEH000251,TSK000074,1
VEH000313,TSK000074,1
VEH000477,TSK000074,1
VEH000478,TSK000074,1
VEH000265,TSK000074,1
VEH000221,TSK000074,1
VEH000068,TSK000074,1
VEH000431,TSK000074,0
VEH000071,TSK000074,1
VEH000521,TSK000074,1
VEH000053,TSK000074,1
VEH000269,TSK000074,0
VEH000336,TSK000074,1
VEH000341,TSK000074,0
VEH000261,TSK000074,1
VEH000042,TSK000074,1
VEH000353,TSK000074,1
VEH000308,TSK000074,1
VEH000296,TSK000074,0
VEH000078,TSK000074,1
VEH000511,TSK000074,1
VEH000529,TSK000074,0
VEH000220,TSK000074,1
VEH000037,TSK000074,1
VEH000367,TSK000074,1
VEH000368,TSK000074,1
VEH000411,TSK000074,1
VEH000085,TSK000074,1
VEH000098,TSK000074,1
VEH000395,TSK000074,1
VEH000420,TSK000074,1
VEH000083,TSK000074,1
VEH000024,TSK000074,0
VEH000025,TSK000074,1
VEH000280,TSK000074,0
VEH000523,TSK000074,1
VEH000080,TSK000124,1
VEH000323,TSK000124,1
VEH000340,TSK000124,1
VEH000520,TSK000124,1
VEH000379,TSK000124,1
VEH000328,TSK000124,1
VEH000346,TSK000124,1
VEH000305,TSK000124,1
VEH000060,TSK000124,1
VEH000272,TSK000124,1
VEH000352,TSK000124,0
VEH000045,TSK000124,1
VEH000361,TSK000124,1
VEH000257,TSK000124,1
VEH000421,TSK000124,1
VEH000337,TSK000124,1
VEH000248,TSK000124,0
VEH000402,TSK000124,1
VEH000064,TSK000124,1
VEH000459,TSK000124,1
VEH000484,TSK000124,1
VEH000455,TSK000124,0
VEH000373,TSK000124,1
VEH000516,TSK000124,0
VEH000091,TSK000124,1
VEH000011,TSK000124,1
VEH000277,TSK000124,0
VEH000089,TSK000124,1
VEH000288,TSK000124,1
VEH000377,TSK000124,1
VEH000231,TSK000124,1
VEH000092,TSK000124,1
VEH000263,TSK000124,1
VEH000047,TSK000124,1
VEH000095,TSK000124,1
VEH000440,TSK000124,1
VEH000427,TSK000124,1
VEH000031,TSK000124,1
VEH000309,TSK000124,0
VEH000094,TSK000124,1
VEH000003,TSK000124,0
VEH000318,TSK000124,1
VEH000499,TSK000124,1
VEH000388,TSK000124,1
VEH000397,TSK000124,1
VEH000218,TSK000124,1
VEH000467,TSK000124,1
VEH000100,TSK000124,1
VEH000275,TSK000124,1
VEH000065,TSK000124,1
VEH000299,TSK000124,1
VEH000533,TSK000124,1
VEH000416,TSK000124,1
VEH000058,TSK000124,1
VEH000301,TSK000124,1
VEH000034,TSK000124,1
VEH000043,TSK000124,0
VEH000517,TSK000124,1
VEH000307,TSK000124,1
VEH000422,TSK000124,0
VEH000281,TSK000124,1
VEH000354,TSK000124,1
VEH000386,TSK000124,1
VEH000324,TSK000124,1
VEH000251,TSK000124,0
VEH000313,TSK000124,1
VEH000477,TSK000124,1
VEH000478,TSK000124,0
VEH000265,TSK000124,0
VEH000221,TSK000124,1
VEH000068,TSK000124,0
VEH000431,TSK000124,1
VEH000071,TSK000124,1
VEH000521,TSK000124,1
VEH000053,TSK000124,0
VEH000269,TSK000124,0
VEH000336,TSK000124,1
VEH000341,TSK000124,1
VEH000261,TSK000124,0
VEH000042,TSK000124,1
VEH000353,TSK000124,1
VEH000308,TSK000124,1
VEH000296,TSK000124,1
VEH000078,TSK000124,1
VEH000511,TSK000124,0
VEH000529,TSK000124,1
VEH000220,TSK000124,1
VEH000037,TSK000124,0
VEH000367,TSK000124,1
VEH000368,TSK000124,1
VEH000411,TSK000124,1
VEH000085,TSK000124,1
VEH000098,TSK000124,1
VEH000395,TSK000124,1
VEH000420,TSK000124,0
VEH000083,TSK000124,1
VEH000024,TSK000124,1
VEH000025,TSK000124,1
VEH000280,TSK000124,1
VEH000523,TSK000124,0
VEH000080,TSK000157,1
VEH000323,TSK000157,1
VEH000340,TSK000157,1
VEH000520,TSK000157,1
VEH000379,TSK000157,1
VEH000328,TSK000157,1
VEH000346,TSK000157,1
VEH000305,TSK000157,1
VEH000060,TSK000157,1
VEH000272,TSK000157,0
VEH000352,TSK000157,0
VEH000045,TSK000157,1
VEH000361,TSK000157,1
VEH000257,TSK000157,1
VEH000421,TSK000157,0
VEH000337,TSK000157,1
VEH000248,TSK000157,1
VEH000402,TSK000157,1
VEH000064,TSK000157,1
VEH000459,TSK000157,1
VEH000484,TSK000157,1
VEH000455,TSK000157,0
VEH000373,TSK000157,1
VEH000516,TSK000157,1
VEH000091,TSK000157,1
VEH000011,TSK000157,1
VEH000277,TSK000157,0
VEH000089,TSK000157,1
VEH000288,TSK000157,1
VEH000377,TSK000157,1
VEH000231,TSK000157,0
VEH000092,TSK000157,1
VEH000263,TSK000157,1
VEH000047,TSK000157,1
VEH000095,TSK000157,1
VEH000440,TSK000157,1
VEH000427,TSK000157,1
VEH000031,TSK000157,1
VEH000309,TSK000157,1
VEH000094,TSK000157,0
VEH000003,TSK000157,1
VEH000318,TSK000157,1
VEH000499,TSK000157,1
VEH000388,TSK000157,1
VEH000397,TSK000157,0
VEH000218,TSK000157,0
VEH000467,TSK000157,1
VEH000100,TSK000157,1
VEH000275,TSK000157,1
VEH000065,TSK000157,0
VEH000299,TSK000157,1
VEH000533,TSK000157,1
VEH000416,TSK000157,1
VEH000058,TSK000157,1
VEH000301,TSK000157,1
VEH000034,TSK000157,1
VEH000043,TSK000157,1
VEH000517,TSK000157,0
VEH000307,TSK000157,0
VEH000422,TSK000157,1
VEH000281,TSK000157,1
VEH000354,TSK000157,1
VEH000386,TSK000157,1
VEH000324,TSK000157,1
VEH000251,TSK000157,1
VEH000313,TSK000157,1
VEH000477,TSK000157,1
VEH000478,TSK000157,1
VEH000265,TSK000157,1
VEH000221,TSK000157,1
VEH000068,TSK000157,1
VEH000431,TSK000157,1
VEH000071,TSK000157,1
VEH000521,TSK000157,1
VEH000053,TSK000157,0
VEH000269,TSK000157,1
VEH000336,TSK000157,1
VEH000341,TSK000157,0
VEH000261,TSK000157,1
VEH000042,TSK000157,1
VEH000353,TSK000157,1
VEH000308,TSK000157,1
VEH000296,TSK000157,1
VEH000078,TSK000157,0
VEH000511,TSK000157,1
VEH000529,TSK000157,1
VEH000220,TSK000157,0
VEH000037,TSK000157,1
VEH000367,TSK000157,1
VEH000368,TSK000157,1
VEH000411,TSK000157,1
VEH000085,TSK000157,1
VEH000098,TSK000157,1
VEH000395,TSK000157,0
VEH000420,TSK000157,1
VEH000083,TSK000157,0
VEH000024,TSK000157,1
VEH000025,TSK000157,0
VEH000280,TSK000157,1
VEH000523,TSK000157,0
VEH000080,TSK000175,1
VEH000323,TSK000175,1
VEH000340,TSK000175,1
VEH000520,TSK000175,1
VEH000379,TSK000175,1
VEH000328,TSK000175,1
VEH000346,TSK000175,1
VEH000305,TSK000175,1
VEH000060,TSK000175,1
VEH000272,TSK000175,0
VEH000352,TSK000175,1
VEH000045,TSK000175,1
VEH000361,TSK000175,1
VEH000257,TSK000175,1
VEH000421,TSK000175,1
VEH000337,TSK000175,1
VEH000248,TSK000175,1
VEH000402,TSK000175,1
VEH000064,TSK000175,1
VEH000459,TSK000175,0
VEH000484,TSK000175,0
VEH000455,TSK000175,1
VEH000373,TSK000175,1
VEH000516,TSK000175,1
VEH000091,TSK000175,0
VEH000011,TSK000175,1
VEH000277,TSK000175,1
VEH000089,TSK000175,1
VEH000288,TSK000175,1
VEH000377,TSK000175,0
VEH000231,TSK000175,1
VEH000092,TSK000175,1
VEH000263,TSK000175,1
VEH000047,TSK000175,1
VEH000095,TSK000175,1
VEH000440,TSK000175,0
VEH000427,TSK000175,0
VEH000031,TSK000175,1
VEH000309,TSK000175,1
VEH000094,TSK000175,1
VEH000003,TSK000175,1
VEH000318,TSK000175,1
VEH000499,TSK000175,1
VEH000388,TSK000175,0
VEH000397,TSK000175,1
VEH000218,TSK000175,1
VEH000467,TSK000175,0
VEH000100,TSK000175,1
VEH000275,TSK000175,1
VEH000065,TSK000175,1
VEH000299,TSK000175,1
VEH000533,TSK000175,1
VEH000416,TSK000175,1
VEH000058,TSK000175,0
VEH000301,TSK000175,0
VEH000034,TSK000175,0
VEH000043,TSK000175,1
VEH000517,TSK000175,1
VEH000307,TSK000175,0
VEH000422,TSK000175,0
VEH000281,TSK000175,1
VEH000354,TSK000175,1
VEH000386,TSK000175,1
VEH000324,TSK000175,1
VEH000251,TSK000175,0
VEH000313,TSK000175,1
VEH000477,TSK000175,1
VEH000478,TSK000175,1
VEH000265,TSK000175,1
VEH000221,TSK000175,1
VEH000068,TSK000175,0
VEH000431,TSK000175,1
VEH000071,TSK000175,1
VEH000521,TSK000175,1
VEH000053,TSK000175,0
VEH000269,TSK000175,1
VEH000336,TSK000175,0
VEH000341,TSK000175,1
VEH000261,TSK000175,1
VEH000042,TSK000175,1
VEH000353,TSK000175,1
VEH000308,TSK000175,1
VEH000296,TSK000175,1
VEH000078,TSK000175,1
VEH000511,TSK000175,1
VEH000529,TSK000175,1
VEH000220,TSK000175,1
VEH000037,TSK000175,1
VEH000367,TSK000175,1
VEH000368,TSK000175,1
VEH000411,TSK000175,1
VEH000085,TSK000175,1
VEH000098,TSK000175,1
VEH000395,TSK000175,0
VEH000420,TSK000175,1
VEH000083,TSK000175,1
VEH000024,TSK000175,1
VEH000025,TSK000175,1
VEH000280,TSK000175,0
VEH000523,TSK000175,1
VEH000080,TSK000188,1
VEH000323,TSK000188,1
VEH000340,TSK000188,1
VEH000520,TSK000188,1
VEH000379,TSK000188,1
VEH000328,TSK000188,1
VEH000346,TSK000188,0
VEH000305,TSK000188,1
VEH000060,TSK000188,1
VEH000272,TSK000188,1
VEH000352,TSK000188,0
VEH000045,TSK000188,1
VEH000361,TSK000188,1
VEH000257,TSK000188,1
VEH000421,TSK000188,1
VEH000337,TSK000188,1
VEH000248,TSK000188,1
VEH000402,TSK000188,1
VEH000064,TSK000188,1
VEH000459,TSK000188,0
VEH000484,TSK000188,1
VEH000455,TSK000188,1
VEH000373,TSK000188,1
VEH000516,TSK000188,0
VEH000091,TSK000188,1
VEH000011,TSK000188,0
VEH000277,TSK000188,1
VEH000089,TSK000188,1
VEH000288,TSK000188,1
VEH000377,TSK000188,1
VEH000231,TSK000188,1
VEH000092,TSK000188,1
VEH000263,TSK000188,1
VEH000047,TSK000188,1
VEH000095,TSK000188,0
VEH000440,TSK000188,1
VEH000427,TSK000188,1
VEH000031,TSK000188,0
VEH000309,TSK000188,1
VEH000094,TSK000188,1
VEH000003,TSK000188,1
VEH000318,TSK000188,0
VEH000499,TSK000188,1
VEH000388,TSK000188,1
VEH000397,TSK000188,1
VEH000218,TSK000188,1
VEH000467,TSK000188,1
VEH000100,TSK000188,1
VEH000275,TSK000188,1
VEH000065,TSK000188,0
VEH000299,TSK000188,1
VEH000533,TSK000188,1
VEH000416,TSK000188,1
VEH000058,TSK000188,0
VEH000301,TSK000188,1
VEH000034,TSK000188,1
VEH000043,TSK000188,1
VEH000517,TSK000188,1
VEH000307,TSK000188,0
VEH000422,TSK000188,0
VEH000281,TSK000188,0
VEH000354,TSK000188,1
VEH000386,TSK000188,1
VEH000324,TSK000188,0
VEH000251,TSK000188,1
VEH000313,TSK000188,1
VEH000477,TSK000188,0
VEH000478,TSK000188,1
VEH000265,TSK000188,1
VEH000221,TSK000188,1
VEH000068,TSK000188,1
VEH000431,TSK000188,1
VEH000071,TSK000188,0
VEH000521,TSK000188,1
VEH000053,TSK000188,1
VEH000269,TSK000188,1
VEH000336,TSK000188,1
VEH000341,TSK000188,1
VEH000261,TSK000188,1
VEH000042,TSK000188,1
VEH000353,TSK000188,0
VEH000308,TSK000188,0
VEH000296,TSK000188,1
VEH000078,TSK000188,1
VEH000511,TSK000188,1
VEH000529,TSK000188,1
VEH000220,TSK000188,1
VEH000037,TSK000188,1
VEH000367,TSK000188,1
VEH000368,TSK000188,1
VEH000411,TSK000188,1
VEH000085,TSK000188,1
VEH000098,TSK000188,1
VEH000395,TSK000188,0
VEH000420,TSK000188,1
VEH000083,TSK000188,1
VEH000024,TSK000188,1
VEH000025,TSK000188,0
VEH000280,TSK000188,1
VEH000523,TSK000188,1
VEH000080,TSK000218,1
VEH000323,TSK000218,1
VEH000340,TSK000218,1
VEH000520,TSK000218,1
VEH000379,TSK000218,1
VEH000328,TSK000218,1
VEH000346,TSK000218,1
VEH000305,TSK000218,1
VEH000060,TSK000218,1
VEH000272,TSK000218,1
VEH000352,TSK000218,1
VEH000045,TSK000218,0
VEH000361,TSK000218,1
VEH000257,TSK000218,0
VEH000421,TSK000218,1
VEH000337,TSK000218,1
VEH000248,TSK000218,1
VEH000402,TSK000218,0
VEH000064,TSK000218,1
VEH000459,TSK000218,1
VEH000484,TSK000218,0
VEH000455,TSK000218,1
VEH000373,TSK000218,1
VEH000516,TSK000218,1
VEH000091,TSK000218,1
VEH000011,TSK000218,1
VEH000277,TSK000218,1
VEH000089,TSK000218,1
VEH000288,TSK000218,1
VEH000377,TSK000218,1
VEH000231,TSK000218,1
VEH000092,TSK000218,1
VEH000263,TSK000218,1
VEH000047,TSK000218,1
VEH000095,TSK000218,1
VEH000440,TSK000218,1
VEH000427,TSK000218,0
VEH000031,TSK000218,0
VEH000309,TSK000218,1
VEH000094,TSK000218,0
VEH000003,TSK000218,0
VEH000318,TSK000218,1
VEH000499,TSK000218,1
VEH000388,TSK000218,1
VEH000397,TSK000218,1
VEH000218,TSK000218,1
VEH000467,TSK000218,0
VEH000100,TSK000218,1
VEH000275,TSK000218,1
VEH000065,TSK000218,1
VEH000299,TSK000218,0
VEH000533,TSK000218,0
VEH000416,TSK000218,1
VEH000058,TSK000218,1
VEH000301,TSK000218,1
VEH000034,TSK000218,1
VEH000043,TSK000218,1
VEH000517,TSK000218,1
VEH000307,TSK000218,0
VEH000422,TSK000218,1
VEH000281,TSK000218,1
VEH000354,TSK000218,1
VEH000386,TSK000218,1
VEH000324,TSK000218,1
VEH000251,TSK000218,1
VEH000313,TSK000218,1
VEH000477,TSK000218,0
VEH000478,TSK000218,1
VEH000265,TSK000218,1
VEH000221,TSK000218,0
VEH000068,TSK000218,1
VEH000431,TSK000218,0
VEH000071,TSK000218,1
VEH000521,TSK000218,1
VEH000053,TSK000218,0
VEH000269,TSK000218,1
VEH000336,TSK000218,1
VEH000341,TSK000218,1
VEH000261,TSK000218,1
VEH000042,TSK000218,0
VEH000353,TSK000218,1
VEH000308,TSK000218,1
VEH000296,TSK000218,1
VEH000078,TSK000218,1
VEH000511,TSK000218,1
VEH000529,TSK000218,1
VEH000220,TSK000218,1
VEH000037,TSK000218,1
VEH000367,TSK000218,1
VEH000368,TSK000218,1
VEH000411,TSK000218,0
VEH000085,TSK000218,1
VEH000098,TSK000218,1
VEH000395,TSK000218,1
VEH000420,TSK000218,0
VEH000083,TSK000218,1
VEH000024,TSK000218,0
VEH000025,TSK000218,1
VEH000280,TSK000218,1
VEH000523,TSK000218,1
VEH000080,TSK000224,1
VEH000323,TSK000224,1
VEH000340,TSK000224,1
VEH000520,TSK000224,1
VEH000379,TSK000224,1
VEH000328,TSK000224,1
VEH000346,TSK000224,0
VEH000305,TSK000224,1
VEH000060,TSK000224,1
VEH000272,TSK000224,1
VEH000352,TSK000224,1
VEH000045,TSK000224,1
VEH000361,TSK000224,1
VEH000257,TSK000224,1
VEH000421,TSK000224,1
VEH000337,TSK000224,1
VEH000248,TSK000224,1
VEH000402,TSK000224,1
VEH000064,TSK000224,1
VEH000459,TSK000224,1
VEH000484,TSK000224,1
VEH000455,TSK000224,1
VEH000373,TSK000224,1
VEH000516,TSK000224,1
VEH000091,TSK000224,1
VEH000011,TSK000224,1
VEH000277,TSK000224,0
VEH000089,TSK000224,0
VEH000288,TSK000224,1
VEH000377,TSK000224,1
VEH000231,TSK000224,1
VEH000092,TSK000224,1
VEH000263,TSK000224,1
VEH000047,TSK000224,0
VEH000095,TSK000224,1
VEH000440,TSK000224,1
VEH000427,TSK000224,0
VEH000031,TSK000224,0
VEH000309,TSK000224,1
VEH000094,TSK000224,1
VEH000003,TSK000224,1
VEH000318,TSK000224,1
VEH000499,TSK000224,0
VEH000388,TSK000224,1
VEH000397,TSK000224,0
VEH000218,TSK000224,0
VEH000467,TSK000224,1
VEH000100,TSK000224,1
VEH000275,TSK000224,1
VEH000065,TSK000224,1
VEH000299,TSK000224,1
VEH000533,TSK000224,1
VEH000416,TSK000224,1
VEH000058,TSK000224,0
VEH000301,TSK000224,1
VEH000034,TSK000224,1
VEH000043,TSK000224,1
VEH000517,TSK000224,1
VEH000307,TSK000224,1
VEH000422,TSK000224,1
VEH000281,TSK000224,1
VEH000354,TSK000224,1
VEH000386,TSK000224,1
VEH000324,TSK000224,1
VEH000251,TSK000224,1
VEH000313,TSK000224,1
VEH000477,TSK000224,1
VEH000478,TSK000224,1
VEH000265,TSK000224,1
VEH000221,TSK000224,1
VEH000068,TSK000224,0
VEH000431,TSK000224,1
VEH000071,TSK000224,0
VEH000521,TSK000224,1
VEH000053,TSK000224,1
VEH000269,TSK000224,0
VEH000336,TSK000224,1
VEH000341,TSK000224,1
VEH000261,TSK000224,1
VEH000042,TSK000224,1
VEH000353,TSK000224,1
VEH000308,TSK000224,0
VEH000296,TSK000224,1
VEH000078,TSK000224,1
VEH000511,TSK000224,1
VEH000529,TSK000224,0
VEH000220,TSK000224,1
VEH000037,TSK000224,1
VEH000367,TSK000224,1
VEH000368,TSK000224,1
VEH000411,TSK000224,1
VEH000085,TSK000224,1
VEH000098,TSK000224,0
VEH000395,TSK000224,0
VEH000420,TSK000224,0
VEH000083,TSK000224,1
VEH000024,TSK000224,0
VEH000025,TSK000224,0
VEH000280,TSK000224,1
VEH000523,TSK000224,1
VEH000080,TSK000280,1
VEH000323,TSK000280,1
VEH000340,TSK000280,1
VEH000520,TSK000280,1
VEH000379,TSK000280,1
VEH000328,TSK000280,1
VEH000346,TSK000280,1
VEH000305,TSK000280,1
VEH000060,TSK000280,1
VEH000272,TSK000280,0
VEH000352,TSK000280,1
VEH000045,TSK000280,1
VEH000361,TSK000280,1
VEH000257,TSK000280,1
VEH000421,TSK000280,1
VEH000337,TSK000280,1
VEH000248,TSK000280,1
VEH000402,TSK000280,1
VEH000064,TSK000280,1
VEH000459,TSK000280,1
VEH000484,TSK000280,1
VEH000455,TSK000280,1
VEH000373,TSK000280,0
VEH000516,TSK000280,1
VEH000091,TSK000280,1
VEH000011,TSK000280,0
VEH000277,TSK000280,1
VEH000089,TSK000280,1
VEH000288,TSK000280,1
VEH000377,TSK000280,1
VEH000231,TSK000280,1
VEH000092,TSK000280,1
VEH000263,TSK000280,1
VEH000047,TSK000280,1
VEH000095,TSK000280,1
VEH000440,TSK000280,1
VEH000427,TSK000280,1
VEH000031,TSK000280,1
VEH000309,TSK000280,1
VEH000094,TSK000280,1
VEH000003,TSK000280,1
VEH000318,TSK000280,0
VEH000499,TSK000280,1
VEH000388,TSK000280,1
VEH000397,TSK000280,1
VEH000218,TSK000280,1
VEH000467,TSK000280,0
VEH000100,TSK000280,1
VEH000275,TSK000280,0
VEH000065,TSK000280,1
VEH000299,TSK000280,0
VEH000533,TSK000280,1
VEH000416,TSK000280,1
VEH000058,TSK000280,1
VEH000301,TSK000280,0
VEH000034,TSK000280,1
VEH000043,TSK000280,0
VEH000517,TSK000280,0
VEH000307,TSK000280,0
VEH000422,TSK000280,1
VEH000281,TSK000280,1
VEH000354,TSK000280,0
VEH000386,TSK000280,1
VEH000324,TSK000280,1
VEH000251,TSK000280,0
VEH000313,TSK000280,1
VEH000477,TSK000280,1
VEH000478,TSK000280,1
VEH000265,TSK000280,1
VEH000221,TSK000280,1
VEH000068,TSK000280,1
VEH000431,TSK000280,1
VEH000071,TSK000280,1
VEH000521,TSK000280,1
VEH000053,TSK000280,1
VEH000269,TSK000280,0
VEH000336,TSK000280,0
VEH000341,TSK000280,1
VEH000261,TSK000280,1
VEH000042,TSK000280,0
VEH000353,TSK000280,1
VEH000308,TSK000280,1
VEH000296,TSK000280,1
VEH000078,TSK000280,1
VEH000511,TSK000280,1
VEH000529,TSK000280,1
VEH000220,TSK000280,1
VEH000037,TSK000280,0
VEH000367,TSK000280,1
VEH000368,TSK000280,1
VEH000411,TSK000280,1
VEH000085,TSK000280,1
VEH000098,TSK000280,0
VEH000395,TSK000280,0
VEH000420,TSK000280,1
VEH000083,TSK000280,1
VEH000024,TSK000280,1
VEH000025,TSK000280,0
VEH000280,TSK000280,1
VEH000523,TSK000280,1
VEH000080,TSK000286,1
VEH000323,TSK000286,1
VEH000340,TSK000286,1
VEH000520,TSK000286,1
VEH000379,TSK000286,1
VEH000328,TSK000286,1
VEH000346,TSK000286,1
VEH000305,TSK000286,1
VEH000060,TSK000286,1
VEH000272,TSK000286,1
VEH000352,TSK000286,1
VEH000045,TSK000286,1
VEH000361,TSK000286,1
VEH000257,TSK000286,1
VEH000421,TSK000286,1
VEH000337,TSK000286,1
VEH000248,TSK000286,1
VEH000402,TSK000286,0
VEH000064,TSK000286,1
VEH000459,TSK000286,0
VEH000484,TSK000286,0
VEH000455,TSK000286,1
VEH000373,TSK000286,1
VEH000516,TSK000286,1
VEH000091,TSK000286,1
VEH000011,TSK000286,1
VEH000277,TSK000286,0
VEH000089,TSK000286,1
VEH000288,TSK000286,1
VEH000377,TSK000286,1
VEH000231,TSK000286,1
VEH000092,TSK000286,1
VEH000263,TSK000286,1
VEH000047,TSK000286,1
VEH000095,TSK000286,1
VEH000440,TSK000286,1
VEH000427,TSK000286,1
VEH000031,TSK000286,0
VEH000309,TSK000286,1
VEH000094,TSK000286,1
VEH000003,TSK000286,1
VEH000318,TSK000286,1
VEH000499,TSK000286,1
VEH000388,TSK000286,1
VEH000397,TSK000286,1
VEH000218,TSK000286,1
VEH000467,TSK000286,1
VEH000100,TSK000286,1
VEH000275,TSK000286,0
VEH000065,TSK000286,1
VEH000299,TSK000286,1
VEH000533,TSK000286,0
VEH000416,TSK000286,0
VEH000058,TSK000286,1
VEH000301,TSK000286,1
VEH000034,TSK000286,1
VEH000043,TSK000286,1
VEH000517,TSK000286,0
VEH000307,TSK000286,1
VEH000422,TSK000286,1
VEH000281,TSK000286,0
VEH000354,TSK000286,1
VEH000386,TSK000286,1
VEH000324,TSK000286,1
VEH000251,TSK000286,1
VEH000313,TSK000286,1
VEH000477,TSK000286,1
VEH000478,TSK000286,0
VEH000265,TSK000286,1
VEH000221,TSK000286,1
VEH000068,TSK000286,1
VEH000431,TSK000286,1
VEH000071,TSK000286,1
VEH000521,TSK000286,1
VEH000053,TSK000286,1
VEH000269,TSK000286,1
VEH000336,TSK000286,0
VEH000341,TSK000286,1
VEH000261,TSK000286,0
VEH000042,TSK000286,1
VEH000353,TSK000286,1
VEH000308,TSK000286,1
VEH000296,TSK000286,1
VEH000078,TSK000286,0
VEH000511,TSK000286,0
VEH000529,TSK000286,1
VEH000220,TSK000286,1
VEH000037,TSK000286,1
VEH000367,TSK000286,1
VEH000368,TSK000286,0
VEH000411,TSK000286,0
VEH000085,TSK000286,1
VEH000098,TSK000286,1
VEH000395,TSK000286,1
VEH000420,TSK000286,1
VEH000083,TSK000286,0
VEH000024,TSK000286,0
VEH000025,TSK000286,1
VEH000280,TSK000286,0
VEH000523,TSK000286,1
VEH000080,TSK000298,1
VEH000323,TSK000298,1
VEH000340,TSK000298,1
VEH000520,TSK000298,0
VEH000379,TSK000298,0
VEH000328,TSK000298,1
VEH000346,TSK000298,1
VEH000305,TSK000298,0
VEH000060,TSK000298,1
VEH000272,TSK000298,1
VEH000352,TSK000298,1
VEH000045,TSK000298,1
VEH000361,TSK000298,0
VEH000257,TSK000298,1
VEH000421,TSK000298,1
VEH000337,TSK000298,1
VEH000248,TSK000298,1
VEH000402,TSK000298,1
VEH000064,TSK000298,1
VEH000459,TSK000298,1
VEH000484,TSK000298,1
VEH000455,TSK000298,1
VEH000373,TSK000298,1
VEH000516,TSK000298,1
VEH000091,TSK000298,1
VEH000011,TSK000298,1
VEH000277,TSK000298,1
VEH000089,TSK000298,1
VEH000288,TSK000298,1
VEH000377,TSK000298,1
VEH000231,TSK000298,1
VEH000092,TSK000298,1
VEH000263,TSK000298,1
VEH000047,TSK000298,1
VEH000095,TSK000298,1
VEH000440,TSK000298,1
VEH000427,TSK000298,1
VEH000031,TSK000298,0
VEH000309,TSK000298,1
VEH000094,TSK000298,1
VEH000003,TSK000298,1
VEH000318,TSK000298,1
VEH000499,TSK000298,1
VEH000388,TSK000298,0
VEH000397,TSK000298,1
VEH000218,TSK000298,1
VEH000467,TSK000298,1
VEH000100,TSK000298,1
VEH000275,TSK000298,1
VEH000065,TSK000298,0
VEH000299,TSK000298,1
VEH000533,TSK000298,0
VEH000416,TSK000298,0
VEH000058,TSK000298,1
VEH000301,TSK000298,1
VEH000034,TSK000298,1
VEH000043,TSK000298,1
VEH000517,TSK000298,1
VEH000307,TSK000298,1
VEH000422,TSK000298,1
VEH000281,TSK000298,1
VEH000354,TSK000298,1
VEH000386,TSK000298,1
VEH000324,TSK000298,1
VEH000251,TSK000298,1
VEH000313,TSK000298,0
VEH000477,TSK000298,1
VEH000478,TSK000298,1
VEH000265,TSK000298,1
VEH000221,TSK000298,0
VEH000068,TSK000298,1
VEH000431,TSK000298,1
VEH000071,TSK000298,1
VEH000521,TSK000298,0
VEH000053,TSK000298,1
VEH000269,TSK000298,1
VEH000336,TSK000298,1
VEH000341,TSK000298,0
VEH000261,TSK000298,0
VEH000042,TSK000298,1
VEH000353,TSK000298,0
VEH000308,TSK000298,1
VEH000296,TSK000298,1
VEH000078,TSK000298,0
VEH000511,TSK000298,0
VEH000529,TSK000298,1
VEH000220,TSK000298,0
VEH000037,TSK000298,1
VEH000367,TSK000298,1
VEH000368,TSK000298,1
VEH000411,TSK000298,1
VEH000085,TSK000298,1
VEH000098,TSK000298,1
VEH000395,TSK000298,1
VEH000420,TSK000298,0
VEH000083,TSK000298,1
VEH000024,TSK000298,1
VEH000025,TSK000298,1
VEH000280,TSK000298,1
VEH000523,TSK000298,0
VEH000080,TSK000315,1
VEH000323,TSK000315,1
VEH000340,TSK000315,1
VEH000520,TSK000315,1
VEH000379,TSK000315,1
VEH000328,TSK000315,1
VEH000346,TSK000315,1
VEH000305,TSK000315,0
VEH000060,TSK000315,1
VEH000272,TSK000315,1
VEH000352,TSK000315,1
VEH000045,TSK000315,0
VEH000361,TSK000315,1
VEH000257,TSK000315,0
VEH000421,TSK000315,1
VEH000337,TSK000315,1
VEH000248,TSK000315,0
VEH000402,TSK000315,1
VEH000064,TSK000315,1
VEH000459,TSK000315,0
VEH000484,TSK000315,1
VEH000455,TSK000315,1
VEH000373,TSK000315,1
VEH000516,TSK000315,1
VEH000091,TSK000315,1
VEH000011,TSK000315,0
VEH000277,TSK000315,1
VEH000089,TSK000315,1
VEH000288,TSK000315,1
VEH000377,TSK000315,0
VEH000231,TSK000315,0
VEH000092,TSK000315,1
VEH000263,TSK000315,1
VEH000047,TSK000315,0
VEH000095,TSK000315,1
VEH000440,TSK000315,1
VEH000427,TSK000315,1
VEH000031,TSK000315,1
VEH000309,TSK000315,1
VEH000094,TSK000315,1
VEH000003,TSK000315,1
VEH000318,TSK000315,1
VEH000499,TSK000315,0
VEH000388,TSK000315,1
VEH000397,TSK000315,1
VEH000218,TSK000315,1
VEH000467,TSK000315,1
VEH000100,TSK000315,1
VEH000275,TSK000315,1
VEH000065,TSK000315,1
VEH000299,TSK000315,0
VEH000533,TSK000315,0
VEH000416,TSK000315,1
VEH000058,TSK000315,0
VEH000301,TSK000315,1
VEH000034,TSK000315,1
VEH000043,TSK000315,1
VEH000517,TSK000315,1
VEH000307,TSK000315,1
VEH000422,TSK000315,1
VEH000281,TSK000315,1
VEH000354,TSK000315,1
VEH000386,TSK000315,1
VEH000324,TSK000315,1
VEH000251,TSK000315,1
VEH000313,TSK000315,1
VEH000477,TSK000315,1
VEH000478,TSK000315,0
VEH000265,TSK000315,1
VEH000221,TSK000315,1
VEH000068,TSK000315,1
VEH000431,TSK000315,1
VEH000071,TSK000315,0
VEH000521,TSK000315,1
VEH000053,TSK000315,0
VEH000269,TSK000315,1
VEH000336,TSK000315,1
VEH000341,TSK000315,1
VEH000261,TSK000315,1
VEH000042,TSK000315,1
VEH000353,TSK000315,1
VEH000308,TSK000315,1
VEH000296,TSK000315,1
VEH000078,TSK000315,1
VEH000511,TSK000315,1
VEH000529,TSK000315,1
VEH000220,TSK000315,0
VEH000037,TSK000315,1
VEH000367,TSK000315,0
VEH000368,TSK000315,1
VEH000411,TSK000315,1
VEH000085,TSK000315,0
VEH000098,TSK000315,1
VEH000395,TSK000315,1
VEH000420,TSK000315,0
VEH000083,TSK000315,1
VEH000024,TSK000315,1
VEH000025,TSK000315,1
VEH000280,TSK000315,1
VEH000523,TSK000315,1
VEH000080,TSK000320,1
VEH000323,TSK000320,0
VEH000340,TSK000320,1
VEH000520,TSK000320,1
VEH000379,TSK000320,1
VEH000328,TSK000320,1
VEH000346,TSK000320,0
VEH000305,TSK000320,0
VEH000060,TSK000320,1
VEH000272,TSK000320,1
VEH000352,TSK000320,1
VEH000045,TSK000320,1
VEH000361,TSK000320,0
VEH000257,TSK000320,1
VEH000421,TSK000320,1
VEH000337,TSK000320,1
VEH000248,TSK000320,1
VEH000402,TSK000320,1
VEH000064,TSK000320,1
VEH000459,TSK000320,0
VEH000484,TSK000320,1
VEH000455,TSK000320,1
VEH000373,TSK000320,1
VEH000516,TSK000320,1
VEH000091,TSK000320,1
VEH000011,TSK000320,1
VEH000277,TSK000320,1
VEH000089,TSK000320,1
VEH000288,TSK000320,1
VEH000377,TSK000320,1
VEH000231,TSK000320,0
VEH000092,TSK000320,1
VEH000263,TSK000320,1
VEH000047,TSK000320,1
VEH000095,TSK000320,1
VEH000440,TSK000320,1
VEH000427,TSK000320,1
VEH000031,TSK000320,1
VEH000309,TSK000320,1
VEH000094,TSK000320,0
VEH000003,TSK000320,1
VEH000318,TSK000320,1
VEH000499,TSK000320,0
VEH000388,TSK000320,1
VEH000397,TSK000320,0
VEH000218,TSK000320,1
VEH000467,TSK000320,1
VEH000100,TSK000320,1
VEH000275,TSK000320,1
VEH000065,TSK000320,0
VEH000299,TSK000320,1
VEH000533,TSK000320,1
VEH000416,TSK000320,1
VEH000058,TSK000320,1
VEH000301,TSK000320,1
VEH000034,TSK000320,1
VEH000043,TSK000320,1
VEH000517,TSK000320,1
VEH000307,TSK000320,1
VEH000422,TSK000320,1
VEH000281,TSK000320,0
VEH000354,TSK000320,0
VEH000386,TSK000320,1
VEH000324,TSK000320,1
VEH000251,TSK000320,1
VEH000313,TSK000320,1
VEH000477,TSK000320,0
VEH000478,TSK000320,1
VEH000265,TSK000320,1
VEH000221,TSK000320,0
VEH000068,TSK000320,0
VEH000431,TSK000320,1
VEH000071,TSK000320,1
VEH000521,TSK000320,0
VEH000053,TSK000320,1
VEH000269,TSK000320,1
VEH000336,TSK000320,1
VEH000341,TSK000320,1
VEH000261,TSK000320,1
VEH000042,TSK000320,1
VEH000353,TSK000320,1
VEH000308,TSK000320,0
VEH000296,TSK000320,0
VEH000078,TSK000320,1
VEH000511,TSK000320,0
VEH000529,TSK000320,1
VEH000220,TSK000320,1
VEH000037,TSK000320,1
VEH000367,TSK000320,1
VEH000368,TSK000320,1
VEH000411,TSK000320,1
VEH000085,TSK000320,1
VEH000098,TSK000320,1
VEH000395,TSK000320,1
VEH000420,TSK000320,1
VEH000083,TSK000320,1
VEH000024,TSK000320,0
VEH000025,TSK000320,1
VEH000280,TSK000320,1
VEH000523,TSK000320,1
VEH000080,TSK000374,0
VEH000323,TSK000374,0
VEH000340,TSK000374,1
VEH000520,TSK000374,1
VEH000379,TSK000374,1
VEH000328,TSK000374,1
VEH000346,TSK000374,1
VEH000305,TSK000374,1
VEH000060,TSK000374,0
VEH000272,TSK000374,1
VEH000352,TSK000374,0
VEH000045,TSK000374,1
VEH000361,TSK000374,1
VEH000257,TSK000374,0
VEH000421,TSK000374,1
VEH000337,TSK000374,1
VEH000248,TSK000374,1
VEH000402,TSK000374,1
VEH000064,TSK000374,1
VEH000459,TSK000374,0
VEH000484,TSK000374,0
VEH000455,TSK000374,1
VEH000373,TSK000374,1
VEH000516,TSK000374,1
VEH000091,TSK000374,1
VEH000011,TSK000374,1
VEH000277,TSK000374,0
VEH000089,TSK000374,1
VEH000288,TSK000374,1
VEH000377,TSK000374,1
VEH000231,TSK000374,0
VEH000092,TSK000374,0
VEH000263,TSK000374,1
VEH000047,TSK000374,1
VEH000095,TSK000374,1
VEH000440,TSK000374,1
VEH000427,TSK000374,0
VEH000031,TSK000374,1
VEH000309,TSK000374,1
VEH000094,TSK000374,1
VEH000003,TSK000374,0
VEH000318,TSK000374,1
VEH000499,TSK000374,1
VEH000388,TSK000374,1
VEH000397,TSK000374,1
VEH000218,TSK000374,1
VEH000467,TSK000374,1
VEH000100,TSK000374,1
VEH000275,TSK000374,1
VEH000065,TSK000374,1
VEH000299,TSK000374,1
VEH000533,TSK000374,1
VEH000416,TSK000374,1
VEH000058,TSK000374,0
VEH000301,TSK000374,1
VEH000034,TSK000374,0
VEH000043,TSK000374,1
VEH000517,TSK000374,1
VEH000307,TSK000374,1
VEH000422,TSK000374,1
VEH000281,TSK000374,1
VEH000354,TSK000374,1
VEH000386,TSK000374,1
VEH000324,TSK000374,1
VEH000251,TSK000374,1
VEH000313,TSK000374,1
VEH000477,TSK000374,1
VEH000478,TSK000374,1
VEH000265,TSK000374,1
VEH000221,TSK000374,1
VEH000068,TSK000374,1
VEH000431,TSK000374,1
VEH000071,TSK000374,1
VEH000521,TSK000374,1
VEH000053,TSK000374,0
VEH000269,TSK000374,0
VEH000336,TSK000374,1
VEH000341,TSK000374,1
VEH000261,TSK000374,1
VEH000042,TSK000374,1
VEH000353,TSK000374,1
VEH000308,TSK000374,1
VEH000296,TSK000374,1
VEH000078,TSK000374,0
VEH000511,TSK000374,1
VEH000529,TSK000374,1
VEH000220,TSK000374,1
VEH000037,TSK000374,1
VEH000367,TSK000374,1
VEH000368,TSK000374,1
VEH000411,TSK000374,1
VEH000085,TSK000374,0
VEH000098,TSK000374,1
VEH000395,TSK000374,0
VEH000420,TSK000374,1
VEH000083,TSK000374,0
VEH000024,TSK000374,1
VEH000025,TSK000374,1
VEH000280,TSK000374,1
VEH000523,TSK000374,1
VEH000080,TSK000413,1
VEH000323,TSK000413,1
VEH000340,TSK000413,1
VEH000520,TSK000413,1
VEH000379,TSK000413,1
VEH000328,TSK000413,1
VEH000346,TSK000413,0
VEH000305,TSK000413,1
VEH000060,TSK000413,1
VEH000272,TSK000413,1
VEH000352,TSK000413,1
VEH000045,TSK000413,0
VEH000361,TSK000413,1
VEH000257,TSK000413,1
VEH000421,TSK000413,1
VEH000337,TSK000413,1
VEH000248,TSK000413,1
VEH000402,TSK000413,1
VEH000064,TSK000413,1
VEH000459,TSK000413,0
VEH000484,TSK000413,0
VEH000455,TSK000413,1
VEH000373,TSK000413,1
VEH000516,TSK000413,0
VEH000091,TSK000413,1
VEH000011,TSK000413,1
VEH000277,TSK000413,0
VEH000089,TSK000413,1
VEH000288,TSK000413,1
VEH000377,TSK000413,1
VEH000231,TSK000413,1
VEH000092,TSK000413,0
VEH000263,TSK000413,1
VEH000047,TSK000413,0
VEH000095,TSK000413,1
VEH000440,TSK000413,1
VEH000427,TSK000413,1
VEH000031,TSK000413,1
VEH000309,TSK000413,1
VEH000094,TSK000413,0
VEH000003,TSK000413,1
VEH000318,TSK000413,1
VEH000499,TSK000413,0
VEH000388,TSK000413,0
VEH000397,TSK000413,1
VEH000218,TSK000413,1
VEH000467,TSK000413,1
VEH000100,TSK000413,1
VEH000275,TSK000413,0
VEH000065,TSK000413,1
VEH000299,TSK000413,1
VEH000533,TSK000413,1
VEH000416,TSK000413,1
VEH000058,TSK000413,0
VEH000301,TSK000413,1
VEH000034,TSK000413,1
VEH000043,TSK000413,1
VEH000517,TSK000413,1
VEH000307,TSK000413,1
VEH000422,TSK000413,1
VEH000281,TSK000413,1
VEH000354,TSK000413,1
VEH000386,TSK000413,0
VEH000324,TSK000413,1
VEH000251,TSK000413,1
VEH000313,TSK000413,1
VEH000477,TSK000413,1
VEH000478,TSK000413,1
VEH000265,TSK000413,1
VEH000221,TSK000413,1
VEH000068,TSK000413,1
VEH000431,TSK000413,1
VEH000071,TSK000413,1
VEH000521,TSK000413,1
VEH000053,TSK000413,0
VEH000269,TSK000413,1
VEH000336,TSK000413,1
VEH000341,TSK000413,1
VEH000261,TSK000413,1
VEH000042,TSK000413,1
VEH000353,TSK000413,1
VEH000308,TSK000413,1
VEH000296,TSK000413,1
VEH000078,TSK000413,1
VEH000511,TSK000413,1
VEH000529,TSK000413,1
VEH000220,TSK000413,0
VEH000037,TSK000413,1
VEH000367,TSK000413,1
VEH000368,TSK000413,1
VEH000411,TSK000413,1
VEH000085,TSK000413,0
VEH000098,TSK000413,0
VEH000395,TSK000413,1
VEH000420,TSK000413,0
VEH000083,TSK000413,1
VEH000024,TSK000413,1
VEH000025,TSK000413,1
VEH000280,TSK000413,0
VEH000523,TSK000413,1
VEH000080,TSK000469,0
VEH000323,TSK000469,1
VEH000340,TSK000469,0
VEH000520,TSK000469,1
VEH000379,TSK000469,1
VEH000328,TSK000469,1
VEH000346,TSK000469,1
VEH000305,TSK000469,1
VEH000060,TSK000469,1
VEH000272,TSK000469,1
VEH000352,TSK000469,1
VEH000045,TSK000469,1
VEH000361,TSK000469,1
VEH000257,TSK000469,1
VEH000421,TSK000469,1
VEH000337,TSK000469,1
VEH000248,TSK000469,1
VEH000402,TSK000469,1
VEH000064,TSK000469,1
VEH000459,TSK000469,1
VEH000484,TSK000469,0
VEH000455,TSK000469,0
VEH000373,TSK000469,1
VEH000516,TSK000469,1
VEH000091,TSK000469,1
VEH000011,TSK000469,0
VEH000277,TSK000469,1
VEH000089,TSK000469,1
VEH000288,TSK000469,1
VEH000377,TSK000469,1
VEH000231,TSK000469,1
VEH000092,TSK000469,1
VEH000263,TSK000469,1
VEH000047,TSK000469,0
VEH000095,TSK000469,1
VEH000440,TSK000469,0
VEH000427,TSK000469,1
VEH000031,TSK000469,0
VEH000309,TSK000469,1
VEH000094,TSK000469,1
VEH000003,TSK000469,1
VEH000318,TSK000469,1
VEH000499,TSK000469,1
VEH000388,TSK000469,1
VEH000397,TSK000469,0
VEH000218,TSK000469,1
VEH000467,TSK000469,1
VEH000100,TSK000469,1
VEH000275,TSK000469,1
VEH000065,TSK000469,1
VEH000299,TSK000469,1
VEH000533,TSK000469,1
VEH000416,TSK000469,1
VEH000058,TSK000469,1
VEH000301,TSK000469,0
VEH000034,TSK000469,1
VEH000043,TSK000469,1
VEH000517,TSK000469,1
VEH000307,TSK000469,1
VEH000422,TSK000469,0
VEH000281,TSK000469,1
VEH000354,TSK000469,1
VEH000386,TSK000469,0
VEH000324,TSK000469,1
VEH000251,TSK000469,0
VEH000313,TSK000469,0
VEH000477,TSK000469,0
VEH000478,TSK000469,1
VEH000265,TSK000469,1
VEH000221,TSK000469,0
VEH000068,TSK000469,1
VEH000431,TSK000469,1
VEH000071,TSK000469,0
VEH000521,TSK000469,1
VEH000053,TSK000469,1
VEH000269,TSK000469,1
VEH000336,TSK000469,1
VEH000341,TSK000469,1
VEH000261,TSK000469,1
VEH000042,TSK000469,1
VEH000353,TSK000469,1
VEH000308,TSK000469,1
VEH000296,TSK000469,0
VEH000078,TSK000469,1
VEH000511,TSK000469,0
VEH000529,TSK000469,1
VEH000220,TSK000469,1
VEH000037,TSK000469,1
VEH000367,TSK000469,1
VEH000368,TSK000469,1
VEH000411,TSK000469,1
VEH000085,TSK000469,1
VEH000098,TSK000469,1
VEH000395,TSK000469,1
VEH000420,TSK000469,1
VEH000083,TSK000469,1
VEH000024,TSK000469,1
VEH000025,TSK000469,0
VEH000280,TSK000469,1
VEH000523,TSK000469,1
VEH000080,TSK000481,0
VEH000323,TSK000481,0
VEH000340,TSK000481,1
VEH000520,TSK000481,1
VEH000379,TSK000481,1
VEH000328,TSK000481,1
VEH000346,TSK000481,1
VEH000305,TSK000481,1
VEH000060,TSK000481,0
VEH000272,TSK000481,0
VEH000352,TSK000481,1
VEH000045,TSK000481,1
VEH000361,TSK000481,1
VEH000257,TSK000481,1
VEH000421,TSK000481,1
VEH000337,TSK000481,0
VEH000248,TSK000481,1
VEH000402,TSK000481,0
VEH000064,TSK000481,1
VEH000459,TSK000481,1
VEH000484,TSK000481,1
VEH000455,TSK000481,1
VEH000373,TSK000481,1
VEH000516,TSK000481,1
VEH000091,TSK000481,1
VEH000011,TSK000481,1
VEH000277,TSK000481,1
VEH000089,TSK000481,1
VEH000288,TSK000481,1
VEH000377,TSK000481,0
VEH000231,TSK000481,1
VEH000092,TSK000481,1
VEH000263,TSK000481,0
VEH000047,TSK000481,1
VEH000095,TSK000481,1
VEH000440,TSK000481,1
VEH000427,TSK000481,1
VEH000031,TSK000481,1
VEH000309,TSK000481,1
VEH000094,TSK000481,0
VEH000003,TSK000481,1
VEH000318,TSK000481,1
VEH000499,TSK000481,1
VEH000388,TSK000481,1
VEH000397,TSK000481,1
VEH000218,TSK000481,1
VEH000467,TSK000481,0
VEH000100,TSK000481,1
VEH000275,TSK000481,1
VEH000065,TSK000481,1
VEH000299,TSK000481,1
VEH000533,TSK000481,1
VEH000416,TSK000481,1
VEH000058,TSK000481,1
VEH000301,TSK000481,0
VEH000034,TSK000481,1
VEH000043,TSK000481,0
VEH000517,TSK000481,1
VEH000307,TSK000481,1
VEH000422,TSK000481,1
VEH000281,TSK000481,1
VEH000354,TSK000481,1
VEH000386,TSK000481,1
VEH000324,TSK000481,1
VEH000251,TSK000481,0
VEH000313,TSK000481,1
VEH000477,TSK000481,1
VEH000478,TSK000481,1
VEH000265,TSK000481,0
VEH000221,TSK000481,0
VEH000068,TSK000481,0
VEH000431,TSK000481,0
VEH000071,TSK000481,1
VEH000521,TSK000481,1
VEH000053,TSK000481,1
VEH000269,TSK000481,1
VEH000336,TSK000481,1
VEH000341,TSK000481,0
VEH000261,TSK000481,1
VEH000042,TSK000481,1
VEH000353,TSK000481,1
VEH000308,TSK000481,1
VEH000296,TSK000481,1
VEH000078,TSK000481,0
VEH000511,TSK000481,0
VEH000529,TSK000481,1
VEH000220,TSK000481,1
VEH000037,TSK000481,1
VEH000367,TSK000481,1
VEH000368,TSK000481,1
VEH000411,TSK000481,1
VEH000085,TSK000481,1
VEH000098,TSK000481,1
VEH000395,TSK000481,1
VEH000420,TSK000481,1
VEH000083,TSK000481,1
VEH000024,TSK000481,1
VEH000025,TSK000481,1
VEH000280,TSK000481,1
VEH000523,TSK000481,1
VEH000080,TSK000486,0
VEH000323,TSK000486,1
VEH000340,TSK000486,1
VEH000520,TSK000486,0
VEH000379,TSK000486,1
VEH000328,TSK000486,1
VEH000346,TSK000486,1
VEH000305,TSK000486,1
VEH000060,TSK000486,1
VEH000272,TSK000486,1
VEH000352,TSK000486,0
VEH000045,TSK000486,1
VEH000361,TSK000486,1
VEH000257,TSK000486,1
VEH000421,TSK000486,1
VEH000337,TSK000486,0
VEH000248,TSK000486,1
VEH000402,TSK000486,1
VEH000064,TSK000486,1
VEH000459,TSK000486,1
VEH000484,TSK000486,1
VEH000455,TSK000486,1
VEH000373,TSK000486,0
VEH000516,TSK000486,1
VEH000091,TSK000486,1
VEH000011,TSK000486,0
VEH000277,TSK000486,1
VEH000089,TSK000486,0
VEH000288,TSK000486,0
VEH000377,TSK000486,1
VEH000231,TSK000486,1
VEH000092,TSK000486,1
VEH000263,TSK000486,1
VEH000047,TSK000486,1
VEH000095,TSK000486,1
VEH000440,TSK000486,1
VEH000427,TSK000486,1
VEH000031,TSK000486,1
VEH000309,TSK000486,0
VEH000094,TSK000486,1
VEH000003,TSK000486,0
VEH000318,TSK000486,1
VEH000499,TSK000486,1
VEH000388,TSK000486,1
VEH000397,TSK000486,1
VEH000218,TSK000486,0
VEH000467,TSK000486,0
VEH000100,TSK000486,1
VEH000275,TSK000486,1
VEH000065,TSK000486,1
VEH000299,TSK000486,1
VEH000533,TSK000486,1
VEH000416,TSK000486,1
VEH000058,TSK000486,0
VEH000301,TSK000486,1
VEH000034,TSK000486,1
VEH000043,TSK000486,0
VEH000517,TSK000486,1
VEH000307,TSK000486,1
VEH000422,TSK000486,1
VEH000281,TSK000486,1
VEH000354,TSK000486,1
VEH000386,TSK000486,1
VEH000324,TSK000486,1
VEH000251,TSK000486,1
VEH000313,TSK000486,0
VEH000477,TSK000486,1
VEH000478,TSK000486,1
VEH000265,TSK000486,1
VEH000221,TSK000486,0
VEH000068,TSK000486,0
VEH000431,TSK000486,1
VEH000071,TSK000486,1
VEH000521,TSK000486,0
VEH000053,TSK000486,1
VEH000269,TSK000486,1
VEH000336,TSK000486,1
VEH000341,TSK000486,1
VEH000261,TSK000486,1
VEH000042,TSK000486,1
VEH000353,TSK000486,1
VEH000308,TSK000486,1
VEH000296,TSK000486,1
VEH000078,TSK000486,1
VEH000511,TSK000486,1
VEH000529,TSK000486,1
VEH000220,TSK000486,1
VEH000037,TSK000486,1
VEH000367,TSK000486,1
VEH000368,TSK000486,1
VEH000411,TSK000486,1
VEH000085,TSK000486,0
VEH000098,TSK000486,1
VEH000395,TSK000486,1
VEH000420,TSK000486,1
VEH000083,TSK000486,1
VEH000024,TSK000486,1
VEH000025,TSK000486,0
VEH000280,TSK000486,1
VEH000523,TSK000486,1
VEH000080,TSK000521,1
VEH000323,TSK000521,1
VEH000340,TSK000521,0
VEH000520,TSK000521,0
VEH000379,TSK000521,0
VEH000328,TSK000521,1
VEH000346,TSK000521,1
VEH000305,TSK000521,1
VEH000060,TSK000521,1
VEH000272,TSK000521,1
VEH000352,TSK000521,1
VEH000045,TSK000521,0
VEH000361,TSK000521,1
VEH000257,TSK000521,1
VEH000421,TSK000521,1
VEH000337,TSK000521,1
VEH000248,TSK000521,1
VEH000402,TSK000521,1
VEH000064,TSK000521,0
VEH000459,TSK000521,0
VEH000484,TSK000521,1
VEH000455,TSK000521,1
VEH000373,TSK000521,1
VEH000516,TSK000521,0
VEH000091,TSK000521,1
VEH000011,TSK000521,1
VEH000277,TSK000521,1
VEH000089,TSK000521,1
VEH000288,TSK000521,1
VEH000377,TSK000521,1
VEH000231,TSK000521,0
VEH000092,TSK000521,0
VEH000263,TSK000521,1
VEH000047,TSK000521,1
VEH000095,TSK000521,1
VEH000440,TSK000521,1
VEH000427,TSK000521,1
VEH000031,TSK000521,0
VEH000309,TSK000521,1
VEH000094,TSK000521,1
VEH000003,TSK000521,1
VEH000318,TSK000521,1
VEH000499,TSK000521,1
VEH000388,TSK000521,0
VEH000397,TSK000521,1
VEH000218,TSK000521,1
VEH000467,TSK000521,1
VEH000100,TSK000521,1
VEH000275,TSK000521,1
VEH000065,TSK000521,0
VEH000299,TSK000521,1
VEH000533,TSK000521,1
VEH000416,TSK000521,1
VEH000058,TSK000521,1
VEH000301,TSK000521,0
VEH000034,TSK000521,1
VEH000043,TSK000521,1
VEH000517,TSK000521,0
VEH000307,TSK000521,0
VEH000422,TSK000521,1
VEH000281,TSK000521,0
VEH000354,TSK000521,1
VEH000386,TSK000521,1
VEH000324,TSK000521,1
VEH000251,TSK000521,1
VEH000313,TSK000521,1
VEH000477,TSK000521,1
VEH000478,TSK000521,1
VEH000265,TSK000521,0
VEH000221,TSK000521,1
VEH000068,TSK000521,1
VEH000431,TSK000521,1
VEH000071,TSK000521,1
VEH000521,TSK000521,1
VEH000053,TSK000521,0
VEH000269,TSK000521,1
VEH000336,TSK000521,1
VEH000341,TSK000521,1
VEH000261,TSK000521,1
VEH000042,TSK000521,1
VEH000353,TSK000521,1
VEH000308,TSK000521,1
VEH000296,TSK000521,1
VEH000078,TSK000521,1
VEH000511,TSK000521,1
VEH000529,TSK000521,1
VEH000220,TSK000521,1
VEH000037,TSK000521,0
VEH000367,TSK000521,0
VEH000368,TSK000521,1
VEH000411,TSK000521,1
VEH000085,TSK000521,1
VEH000098,TSK000521,1
VEH000395,TSK000521,1
VEH000420,TSK000521,1
VEH000083,TSK000521,1
VEH000024,TSK000521,1
VEH000025,TSK000521,1
VEH000280,TSK000521,1
VEH000523,TSK000521,1
VEH000080,TSK000591,1
VEH000323,TSK000591,1
VEH000340,TSK000591,1
VEH000520,TSK000591,1
VEH000379,TSK000591,1
VEH000328,TSK000591,1
VEH000346,TSK000591,1
VEH000305,TSK000591,1
VEH000060,TSK000591,1
VEH000272,TSK000591,1
VEH000352,TSK000591,1
VEH000045,TSK000591,1
VEH000361,TSK000591,1
VEH000257,TSK000591,1
VEH000421,TSK000591,1
VEH000337,TSK000591,1
VEH000248,TSK000591,1
VEH000402,TSK000591,1
VEH000064,TSK000591,0
VEH000459,TSK000591,1
VEH000484,TSK000591,1
VEH000455,TSK000591,1
VEH000373,TSK000591,0
VEH000516,TSK000591,1
VEH000091,TSK000591,0
VEH000011,TSK000591,0
VEH000277,TSK000591,1
VEH000089,TSK000591,1
VEH000288,TSK000591,1
VEH000377,TSK000591,1
VEH000231,TSK000591,1
VEH000092,TSK000591,0
VEH000263,TSK000591,1
VEH000047,TSK000591,1
VEH000095,TSK000591,1
VEH000440,TSK000591,0
VEH000427,TSK000591,1
VEH000031,TSK000591,0
VEH000309,TSK000591,1
VEH000094,TSK000591,1
VEH000003,TSK000591,1
VEH000318,TSK000591,1
VEH000499,TSK000591,1
VEH000388,TSK000591,1
VEH000397,TSK000591,1
VEH000218,TSK000591,1
VEH000467,TSK000591,1
VEH000100,TSK000591,1
VEH000275,TSK000591,0
VEH000065,TSK000591,1
VEH000299,TSK000591,0
VEH000533,TSK000591,0
VEH000416,TSK000591,0
VEH000058,TSK000591,1
VEH000301,TSK000591,1
VEH000034,TSK000591,1
VEH000043,TSK000591,1
VEH000517,TSK000591,1
VEH000307,TSK000591,1
VEH000422,TSK000591,1
VEH000281,TSK000591,1
VEH000354,TSK000591,1
VEH000386,TSK000591,1
VEH000324,TSK000591,1
VEH000251,TSK000591,1
VEH000313,TSK000591,0
VEH000477,TSK000591,0
VEH000478,TSK000591,1
VEH000265,TSK000591,1
VEH000221,TSK000591,1
VEH000068,TSK000591,1
VEH000431,TSK000591,1
VEH000071,TSK000591,1
VEH000521,TSK000591,0
VEH000053,TSK000591,0
VEH000269,TSK000591,1
VEH000336,TSK000591,1
VEH000341,TSK000591,1
VEH000261,TSK000591,1
VEH000042,TSK000591,1
VEH000353,TSK000591,1
VEH000308,TSK000591,1
VEH000296,TSK000591,0
VEH000078,TSK000591,1
VEH000511,TSK000591,1
VEH000529,TSK000591,1
VEH000220,TSK000591,1
VEH000037,TSK000591,0
VEH000367,TSK000591,1
VEH000368,TSK000591,0
VEH000411,TSK000591,0
VEH000085,TSK000591,1
VEH000098,TSK000591,1
VEH000395,TSK000591,1
VEH000420,TSK000591,1
VEH000083,TSK000591,1
VEH000024,TSK000591,1
VEH000025,TSK000591,1
VEH000280,TSK000591,1
VEH000523,TSK000591,0
VEH000080,TSK000600,1
VEH000323,TSK000600,0
VEH000340,TSK000600,0
VEH000520,TSK000600,1
VEH000379,TSK000600,1
VEH000328,TSK000600,1
VEH000346,TSK000600,0
VEH000305,TSK000600,1
VEH000060,TSK000600,0
VEH000272,TSK000600,1
VEH000352,TSK000600,1
VEH000045,TSK000600,1
VEH000361,TSK000600,0
VEH000257,TSK000600,1
VEH000421,TSK000600,1
VEH000337,TSK000600,1
VEH000248,TSK000600,0
VEH000402,TSK000600,1
VEH000064,TSK000600,1
VEH000459,TSK000600,1
VEH000484,TSK000600,0
VEH000455,TSK000600,1
VEH000373,TSK000600,1
VEH000516,TSK000600,1
VEH000091,TSK000600,1
VEH000011,TSK000600,1
VEH000277,TSK000600,1
VEH000089,TSK000600,1
VEH000288,TSK000600,1
VEH000377,TSK000600,1
VEH000231,TSK000600,1
VEH000092,TSK000600,1
VEH000263,TSK000600,1
VEH000047,TSK000600,0
VEH000095,TSK000600,1
VEH000440,TSK000600,0
VEH000427,TSK000600,1
VEH000031,TSK000600,0
VEH000309,TSK000600,1
VEH000094,TSK000600,1
VEH000003,TSK000600,1
VEH000318,TSK000600,1
VEH000499,TSK000600,1
VEH000388,TSK000600,0
VEH000397,TSK000600,1
VEH000218,TSK000600,1
VEH000467,TSK000600,0
VEH000100,TSK000600,1
VEH000275,TSK000600,0
VEH000065,TSK000600,1
VEH000299,TSK000600,1
VEH000533,TSK000600,1
VEH000416,TSK000600,1
VEH000058,TSK000600,1
VEH000301,TSK000600,1
VEH000034,TSK000600,1
VEH000043,TSK000600,1
VEH000517,TSK000600,1
VEH000307,TSK000600,1
VEH000422,TSK000600,1
VEH000281,TSK000600,0
VEH000354,TSK000600,1
VEH000386,TSK000600,1
VEH000324,TSK000600,1
VEH000251,TSK000600,1
VEH000313,TSK000600,1
VEH000477,TSK000600,1
VEH000478,TSK000600,1
VEH000265,TSK000600,1
VEH000221,TSK000600,1
VEH000068,TSK000600,1
VEH000431,TSK000600,1
VEH000071,TSK000600,0
VEH000521,TSK000600,1
VEH000053,TSK000600,0
VEH000269,TSK000600,0
VEH000336,TSK000600,1
VEH000341,TSK000600,1
VEH000261,TSK000600,1
VEH000042,TSK000600,1
VEH000353,TSK000600,0
VEH000308,TSK000600,1
VEH000296,TSK000600,0
VEH000078,TSK000600,1
VEH000511,TSK000600,1
VEH000529,TSK000600,1
VEH000220,TSK000600,1
VEH000037,TSK000600,1
VEH000367,TSK000600,1
VEH000368,TSK000600,1
VEH000411,TSK000600,1
VEH000085,TSK000600,1
VEH000098,TSK000600,1
VEH000395,TSK000600,0
VEH000420,TSK000600,1
VEH000083,TSK000600,1
VEH000024,TSK000600,1
VEH000025,TSK000600,1
VEH000280,TSK000600,1
VEH000523,TSK000600,1
VEH000080,TSK000601,1
VEH000323,TSK000601,1
VEH000340,TSK000601,1
VEH000520,TSK000601,1
VEH000379,TSK000601,0
VEH000328,TSK000601,1
VEH000346,TSK000601,1
VEH000305,TSK000601,1
VEH000060,TSK000601,0
VEH000272,TSK000601,0
VEH000352,TSK000601,1
VEH000045,TSK000601,1
VEH000361,TSK000601,0
VEH000257,TSK000601,0
VEH000421,TSK000601,1
VEH000337,TSK000601,1
VEH000248,TSK000601,1
VEH000402,TSK000601,1
VEH000064,TSK000601,1
VEH000459,TSK000601,1
VEH000484,TSK000601,1
VEH000455,TSK000601,1
VEH000373,TSK000601,1
VEH000516,TSK000601,0
VEH000091,TSK000601,1
VEH000011,TSK000601,1
VEH000277,TSK000601,1
VEH000089,TSK000601,1
VEH000288,TSK000601,1
VEH000377,TSK000601,0
VEH000231,TSK000601,1
VEH000092,TSK000601,1
VEH000263,TSK000601,1
VEH000047,TSK000601,1
VEH000095,TSK000601,0
VEH000440,TSK000601,0
VEH000427,TSK000601,0
VEH000031,TSK000601,1
VEH000309,TSK000601,1
VEH000094,TSK000601,1
VEH000003,TSK000601,0
VEH000318,TSK000601,1
VEH000499,TSK000601,1
VEH000388,TSK000601,1
VEH000397,TSK000601,1
VEH000218,TSK000601,1
VEH000467,TSK000601,0
VEH000100,TSK000601,1
VEH000275,TSK000601,1
VEH000065,TSK000601,0
VEH000299,TSK000601,1
VEH000533,TSK000601,1
VEH000416,TSK000601,1
VEH000058,TSK000601,1
VEH000301,TSK000601,1
VEH000034,TSK000601,1
VEH000043,TSK000601,1
VEH000517,TSK000601,1
VEH000307,TSK000601,1
VEH000422,TSK000601,1
VEH000281,TSK000601,1
VEH000354,TSK000601,1
VEH000386,TSK000601,1
VEH000324,TSK000601,1
VEH000251,TSK000601,1
VEH000313,TSK000601,1
VEH000477,TSK000601,1
VEH000478,TSK000601,1
VEH000265,TSK000601,1
VEH000221,TSK000601,1
VEH000068,TSK000601,1
VEH000431,TSK000601,1
VEH000071,TSK000601,1
VEH000521,TSK000601,1
VEH000053,TSK000601,1
VEH000269,TSK000601,0
VEH000336,TSK000601,0
VEH000341,TSK000601,1
VEH000261,TSK000601,0
VEH000042,TSK000601,0
VEH000353,TSK000601,1
VEH000308,TSK000601,1
VEH000296,TSK000601,1
VEH000078,TSK000601,0
VEH000511,TSK000601,1
VEH000529,TSK000601,0
VEH000220,TSK000601,1
VEH000037,TSK000601,1
VEH000367,TSK000601,1
VEH000368,TSK000601,1
VEH000411,TSK000601,1
VEH000085,TSK000601,1
VEH000098,TSK000601,1
VEH000395,TSK000601,1
VEH000420,TSK000601,1
VEH000083,TSK000601,1
VEH000024,TSK000601,1
VEH000025,TSK000601,0
VEH000280,TSK000601,1
VEH000523,TSK000601,1
VEH000080,TSK000642,1
VEH000323,TSK000642,1
VEH000340,TSK000642,0
VEH000520,TSK000642,0
VEH000379,TSK000642,1
VEH000328,TSK000642,1
VEH000346,TSK000642,1
VEH000305,TSK000642,1
VEH000060,TSK000642,1
VEH000272,TSK000642,0
VEH000352,TSK000642,1
VEH000045,TSK000642,1
VEH000361,TSK000642,1
VEH000257,TSK000642,1
VEH000421,TSK000642,1
VEH000337,TSK000642,1
VEH000248,TSK000642,1
VEH000402,TSK000642,0
VEH000064,TSK000642,1
VEH000459,TSK000642,1
VEH000484,TSK000642,1
VEH000455,TSK000642,1
VEH000373,TSK000642,1
VEH000516,TSK000642,1
VEH000091,TSK000642,1
VEH000011,TSK000642,1
VEH000277,TSK000642,0
VEH000089,TSK000642,1
VEH000288,TSK000642,0
VEH000377,TSK000642,1
VEH000231,TSK000642,1
VEH000092,TSK000642,1
VEH000263,TSK000642,0
VEH000047,TSK000642,0
VEH000095,TSK000642,1
VEH000440,TSK000642,1
VEH000427,TSK000642,1
VEH000031,TSK000642,1
VEH000309,TSK000642,1
VEH000094,TSK000642,1
VEH000003,TSK000642,1
VEH000318,TSK000642,0
VEH000499,TSK000642,1
VEH000388,TSK000642,0
VEH000397,TSK000642,1
VEH000218,TSK000642,1
VEH000467,TSK000642,0
VEH000100,TSK000642,1
VEH000275,TSK000642,0
VEH000065,TSK000642,1
VEH000299,TSK000642,1
VEH000533,TSK000642,1
VEH000416,TSK000642,1
VEH000058,TSK000642,1
VEH000301,TSK000642,1
VEH000034,TSK000642,1
VEH000043,TSK000642,1
VEH000517,TSK000642,1
VEH000307,TSK000642,1
VEH000422,TSK000642,1
VEH000281,TSK000642,1
VEH000354,TSK000642,1
VEH000386,TSK000642,1
VEH000324,TSK000642,0
VEH000251,TSK000642,1
VEH000313,TSK000642,1
VEH000477,TSK000642,1
VEH000478,TSK000642,1
VEH000265,TSK000642,1
VEH000221,TSK000642,1
VEH000068,TSK000642,1
VEH000431,TSK000642,1
VEH000071,TSK000642,1
VEH000521,TSK000642,1
VEH000053,TSK000642,1
VEH000269,TSK000642,1
VEH000336,TSK000642,1
VEH000341,TSK000642,0
VEH000261,TSK000642,1
VEH000042,TSK000642,1
VEH000353,TSK000642,1
VEH000308,TSK000642,1
VEH000296,TSK000642,0
VEH000078,TSK000642,1
VEH000511,TSK000642,1
VEH000529,TSK000642,1
VEH000220,TSK000642,1
VEH000037,TSK000642,0
VEH000367,TSK000642,1
VEH000368,TSK000642,1
VEH000411,TSK000642,0
VEH000085,TSK000642,1
VEH000098,TSK000642,0
VEH000395,TSK000642,1
VEH000420,TSK000642,0
VEH000083,TSK000642,1
VEH000024,TSK000642,0
VEH000025,TSK000642,1
VEH000280,TSK000642,1
VEH000523,TSK000642,1
VEH000080,TSK000657,1
VEH000323,TSK000657,1
VEH000340,TSK000657,1
VEH000520,TSK000657,1
VEH000379,TSK000657,1
VEH000328,TSK000657,1
VEH000346,TSK000657,0
VEH000305,TSK000657,0
VEH000060,TSK000657,0
VEH000272,TSK000657,1
VEH000352,TSK000657,1
VEH000045,TSK000657,1
VEH000361,TSK000657,1
VEH000257,TSK000657,1
VEH000421,TSK000657,1
VEH000337,TSK000657,1
VEH000248,TSK000657,1
VEH000402,TSK000657,1
VEH000064,TSK000657,1
VEH000459,TSK000657,1
VEH000484,TSK000657,1
VEH000455,TSK000657,0
VEH000373,TSK000657,1
VEH000516,TSK000657,1
VEH000091,TSK000657,0
VEH000011,TSK000657,0
VEH000277,TSK000657,1
VEH000089,TSK000657,1
VEH000288,TSK000657,1
VEH000377,TSK000657,0
VEH000231,TSK000657,1
VEH000092,TSK000657,1
VEH000263,TSK000657,1
VEH000047,TSK000657,1
VEH000095,TSK000657,0
VEH000440,TSK000657,1
VEH000427,TSK000657,0
VEH000031,TSK000657,1
VEH000309,TSK000657,1
VEH000094,TSK000657,1
VEH000003,TSK000657,1
VEH000318,TSK000657,1
VEH000499,TSK000657,1
VEH000388,TSK000657,1
VEH000397,TSK000657,1
VEH000218,TSK000657,1
VEH000467,TSK000657,1
VEH000100,TSK000657,1
VEH000275,TSK000657,1
VEH000065,TSK000657,1
VEH000299,TSK000657,0
VEH000533,TSK000657,1
VEH000416,TSK000657,1
VEH000058,TSK000657,1
VEH000301,TSK000657,1
VEH000034,TSK000657,1
VEH000043,TSK000657,1
VEH000517,TSK000657,1
VEH000307,TSK000657,1
VEH000422,TSK000657,0
VEH000281,TSK000657,1
VEH000354,TSK000657,0
VEH000386,TSK000657,1
VEH000324,TSK000657,1
VEH000251,TSK000657,1
VEH000313,TSK000657,1
VEH000477,TSK000657,1
VEH000478,TSK000657,0
VEH000265,TSK000657,1
VEH000221,TSK000657,1
VEH000068,TSK000657,1
VEH000431,TSK000657,0
VEH000071,TSK000657,1
VEH000521,TSK000657,1
VEH000053,TSK000657,0
VEH000269,TSK000657,1
VEH000336,TSK000657,1
VEH000341,TSK000657,0
VEH000261,TSK000657,1
VEH000042,TSK000657,1
VEH000353,TSK000657,1
VEH000308,TSK000657,1
VEH000296,TSK000657,0
VEH000078,TSK000657,0
VEH000511,TSK000657,1
VEH000529,TSK000657,1
VEH000220,TSK000657,0
VEH000037,TSK000657,1
VEH000367,TSK000657,1
VEH000368,TSK000657,1
VEH000411,TSK000657,1
VEH000085,TSK000657,1
VEH000098,TSK000657,1
VEH000395,TSK000657,1
VEH000420,TSK000657,1
VEH000083,TSK000657,1
VEH000024,TSK000657,1
VEH000025,TSK000657,1
VEH000280,TSK000657,0
VEH000523,TSK000657,1
VEH000080,TSK000690,1
VEH000323,TSK000690,0
VEH000340,TSK000690,1
VEH000520,TSK000690,1
VEH000379,TSK000690,1
VEH000328,TSK000690,1
VEH000346,TSK000690,1
VEH000305,TSK000690,1
VEH000060,TSK000690,0
VEH000272,TSK000690,0
VEH000352,TSK000690,1
VEH000045,TSK000690,1
VEH000361,TSK000690,0
VEH000257,TSK000690,1
VEH000421,TSK000690,1
VEH000337,TSK000690,1
VEH000248,TSK000690,0
VEH000402,TSK000690,1
VEH000064,TSK000690,0
VEH000459,TSK000690,0
VEH000484,TSK000690,1
VEH000455,TSK000690,1
VEH000373,TSK000690,1
VEH000516,TSK000690,1
VEH000091,TSK000690,1
VEH000011,TSK000690,1
VEH000277,TSK000690,0
VEH000089,TSK000690,1
VEH000288,TSK000690,1
VEH000377,TSK000690,1
VEH000231,TSK000690,1
VEH000092,TSK000690,1
VEH000263,TSK000690,1
VEH000047,TSK000690,1
VEH000095,TSK000690,1
VEH000440,TSK000690,1
VEH000427,TSK000690,1
VEH000031,TSK000690,0
VEH000309,TSK000690,1
VEH000094,TSK000690,0
VEH000003,TSK000690,0
VEH000318,TSK000690,1
VEH000499,TSK000690,1
VEH000388,TSK000690,0
VEH000397,TSK000690,1
VEH000218,TSK000690,1
VEH000467,TSK000690,1
VEH000100,TSK000690,1
VEH000275,TSK000690,1
VEH000065,TSK000690,1
VEH000299,TSK000690,1
VEH000533,TSK000690,1
VEH000416,TSK000690,1
VEH000058,TSK000690,1
VEH000301,TSK000690,1
VEH000034,TSK000690,1
VEH000043,TSK000690,1
VEH000517,TSK000690,1
VEH000307,TSK000690,1
VEH000422,TSK000690,1
VEH000281,TSK000690,1
VEH000354,TSK000690,1
VEH000386,TSK000690,1
VEH000324,TSK000690,1
VEH000251,TSK000690,1
VEH000313,TSK000690,0
VEH000477,TSK000690,1
VEH000478,TSK000690,0
VEH000265,TSK000690,1
VEH000221,TSK000690,0
VEH000068,TSK000690,1
VEH000431,TSK000690,1
VEH000071,TSK000690,1
VEH000521,TSK000690,1
VEH000053,TSK000690,1
VEH000269,TSK000690,1
VEH000336,TSK000690,0
VEH000341,TSK000690,1
VEH000261,TSK000690,1
VEH000042,TSK000690,1
VEH000353,TSK000690,1
VEH000308,TSK000690,1
VEH000296,TSK000690,1
VEH000078,TSK000690,1
VEH000511,TSK000690,1
VEH000529,TSK000690,1
VEH000220,TSK000690,1
VEH000037,TSK000690,1
VEH000367,TSK000690,0
VEH000368,TSK000690,1
VEH000411,TSK000690,1
VEH000085,TSK000690,1
VEH000098,TSK000690,0
VEH000395,TSK000690,0
VEH000420,TSK000690,1
VEH000083,TSK000690,1
VEH000024,TSK000690,1
VEH000025,TSK000690,1
VEH000280,TSK000690,0
VEH000523,TSK000690,1
VEH000080,TSK000705,1
VEH000323,TSK000705,1
VEH000340,TSK000705,1
VEH000520,TSK000705,0
VEH000379,TSK000705,1
VEH000328,TSK000705,0
VEH000346,TSK000705,1
VEH000305,TSK000705,0
VEH000060,TSK000705,1
VEH000272,TSK000705,1
VEH000352,TSK000705,1
VEH000045,TSK000705,1
VEH000361,TSK000705,1
VEH000257,TSK000705,1
VEH000421,TSK000705,1
VEH000337,TSK000705,0
VEH000248,TSK000705,1
VEH000402,TSK000705,1
VEH000064,TSK000705,1
VEH000459,TSK000705,1
VEH000484,TSK000705,0
VEH000455,TSK000705,0
VEH000373,TSK000705,1
VEH000516,TSK000705,1
VEH000091,TSK000705,1
VEH000011,TSK000705,1
VEH000277,TSK000705,1
VEH000089,TSK000705,1
VEH000288,TSK000705,0
VEH000377,TSK000705,1
VEH000231,TSK000705,1
VEH000092,TSK000705,1
VEH000263,TSK000705,1
VEH000047,TSK000705,1
VEH000095,TSK000705,0
VEH000440,TSK000705,1
VEH000427,TSK000705,1
VEH000031,TSK000705,1
VEH000309,TSK000705,1
VEH000094,TSK000705,1
VEH000003,TSK000705,0
VEH000318,TSK000705,1
VEH000499,TSK000705,0
VEH000388,TSK000705,1
VEH000397,TSK000705,1
VEH000218,TSK000705,1
VEH000467,TSK000705,1
VEH000100,TSK000705,1
VEH000275,TSK000705,1
VEH000065,TSK000705,1
VEH000299,TSK000705,1
VEH000533,TSK000705,1
VEH000416,TSK000705,0
VEH000058,TSK000705,1
VEH000301,TSK000705,0
VEH000034,TSK000705,1
VEH000043,TSK000705,1
VEH000517,TSK000705,1
VEH000307,TSK000705,1
VEH000422,TSK000705,1
VEH000281,TSK000705,0
VEH000354,TSK000705,1
VEH000386,TSK000705,0
VEH000324,TSK000705,0
VEH000251,TSK000705,0
VEH000313,TSK000705,1
VEH000477,TSK000705,1
VEH000478,TSK000705,1
VEH000265,TSK000705,1
VEH000221,TSK000705,1
VEH000068,TSK000705,1
VEH000431,TSK000705,1
VEH000071,TSK000705,1
VEH000521,TSK000705,1
VEH000053,TSK000705,1
VEH000269,TSK000705,1
VEH000336,TSK000705,1
VEH000341,TSK000705,0
VEH000261,TSK000705,0
VEH000042,TSK000705,1
VEH000353,TSK000705,1
VEH000308,TSK000705,1
VEH000296,TSK000705,1
VEH000078,TSK000705,0
VEH000511,TSK000705,1
VEH000529,TSK000705,1
VEH000220,TSK000705,1
VEH000037,TSK000705,1
VEH000367,TSK000705,1
VEH000368,TSK000705,1
VEH000411,TSK000705,1
VEH000085,TSK000705,0
VEH000098,TSK000705,1
VEH000395,TSK000705,1
VEH000420,TSK000705,1
VEH000083,TSK000705,1
VEH000024,TSK000705,1
VEH000025,TSK000705,1
VEH000280,TSK000705,1
VEH000523,TSK000705,1
VEH000080,TSK000721,1
VEH000323,TSK000721,1
VEH000340,TSK000721,1
VEH000520,TSK000721,1
VEH000379,TSK000721,1
VEH000328,TSK000721,0
VEH000346,TSK000721,1
VEH000305,TSK000721,1
VEH000060,TSK000721,1
VEH000272,TSK000721,0
VEH000352,TSK000721,1
VEH000045,TSK000721,1
VEH000361,TSK000721,1
VEH000257,TSK000721,1
VEH000421,TSK000721,1
VEH000337,TSK000721,1
VEH000248,TSK000721,1
VEH000402,TSK000721,1
VEH000064,TSK000721,1
VEH000459,TSK000721,1
VEH000484,TSK000721,0
VEH000455,TSK000721,1
VEH000373,TSK000721,1
VEH000516,TSK000721,1
VEH000091,TSK000721,1
VEH000011,TSK000721,0
VEH000277,TSK000721,1
VEH000089,TSK000721,1
VEH000288,TSK000721,1
VEH000377,TSK000721,1
VEH000231,TSK000721,1
VEH000092,TSK000721,1
VEH000263,TSK000721,0
VEH000047,TSK000721,1
VEH000095,TSK000721,1
VEH000440,TSK000721,1
VEH000427,TSK000721,1
VEH000031,TSK000721,1
VEH000309,TSK000721,1
VEH000094,TSK000721,1
VEH000003,TSK000721,1
VEH000318,TSK000721,1
VEH000499,TSK000721,0
VEH000388,TSK000721,1
VEH000397,TSK000721,1
VEH000218,TSK000721,1
VEH000467,TSK000721,0
VEH000100,TSK000721,0
VEH000275,TSK000721,1
VEH000065,TSK000721,1
VEH000299,TSK000721,1
VEH000533,TSK000721,1
VEH000416,TSK000721,1
VEH000058,TSK000721,0
VEH000301,TSK000721,0
VEH000034,TSK000721,1
VEH000043,TSK000721,1
VEH000517,TSK000721,0
VEH000307,TSK000721,1
VEH000422,TSK000721,1
VEH000281,TSK000721,1
VEH000354,TSK000721,0
VEH000386,TSK000721,0
VEH000324,TSK000721,1
VEH000251,TSK000721,1
VEH000313,TSK000721,1
VEH000477,TSK000721,1
VEH000478,TSK000721,1
VEH000265,TSK000721,1
VEH000221,TSK000721,1
VEH000068,TSK000721,1
VEH000431,TSK000721,1
VEH000071,TSK000721,1
VEH000521,TSK000721,1
VEH000053,TSK000721,1
VEH000269,TSK000721,1
VEH000336,TSK000721,1
VEH000341,TSK000721,1
VEH000261,TSK000721,0
VEH000042,TSK000721,1
VEH000353,TSK000721,0
VEH000308,TSK000721,1
VEH000296,TSK000721,1
VEH000078,TSK000721,1
VEH000511,TSK000721,1
VEH000529,TSK000721,0
VEH000220,TSK000721,1
VEH000037,TSK000721,0
VEH000367,TSK000721,1
VEH000368,TSK000721,0
VEH000411,TSK000721,0
VEH000085,TSK000721,1
VEH000098,TSK000721,1
VEH000395,TSK000721,0
VEH000420,TSK000721,1
VEH000083,TSK000721,1
VEH000024,TSK000721,1
VEH000025,TSK000721,1
VEH000280,TSK000721,1
VEH000523,TSK000721,1
VEH000080,TSK000728,0
VEH000323,TSK000728,1
VEH000340,TSK000728,1
VEH000520,TSK000728,1
VEH000379,TSK000728,1
VEH000328,TSK000728,1
VEH000346,TSK000728,1
VEH000305,TSK000728,1
VEH000060,TSK000728,0
VEH000272,TSK000728,1
VEH000352,TSK000728,1
VEH000045,TSK000728,1
VEH000361,TSK000728,1
VEH000257,TSK000728,1
VEH000421,TSK000728,1
VEH000337,TSK000728,1
VEH000248,TSK000728,0
VEH000402,TSK000728,1
VEH000064,TSK000728,1
VEH000459,TSK000728,1
VEH000484,TSK000728,1
VEH000455,TSK000728,1
VEH000373,TSK000728,0
VEH000516,TSK000728,1
VEH000091,TSK000728,1
VEH000011,TSK000728,1
VEH000277,TSK000728,1
VEH000089,TSK000728,1
VEH000288,TSK000728,0
VEH000377,TSK000728,1
VEH000231,TSK000728,1
VEH000092,TSK000728,1
VEH000263,TSK000728,1
VEH000047,TSK000728,0
VEH000095,TSK000728,1
VEH000440,TSK000728,1
VEH000427,TSK000728,1
VEH000031,TSK000728,1
VEH000309,TSK000728,1
VEH000094,TSK000728,0
VEH000003,TSK000728,1
VEH000318,TSK000728,1
VEH000499,TSK000728,1
VEH000388,TSK000728,1
VEH000397,TSK000728,1
VEH000218,TSK000728,1
VEH000467,TSK000728,1
VEH000100,TSK000728,0
VEH000275,TSK000728,1
VEH000065,TSK000728,1
VEH000299,TSK000728,0
VEH000533,TSK000728,1
VEH000416,TSK000728,1
VEH000058,TSK000728,1
VEH000301,TSK000728,1
VEH000034,TSK000728,0
VEH000043,TSK000728,1
VEH000517,TSK000728,1
VEH000307,TSK000728,1
VEH000422,TSK000728,1
VEH000281,TSK000728,1
VEH000354,TSK000728,1
VEH000386,TSK000728,1
VEH000324,TSK000728,1
VEH000251,TSK000728,1
VEH000313,TSK000728,1
VEH000477,TSK000728,0
VEH000478,TSK000728,1
VEH000265,TSK000728,1
VEH000221,TSK000728,1
VEH000068,TSK000728,0
VEH000431,TSK000728,1
VEH000071,TSK000728,1
VEH000521,TSK000728,1
VEH000053,TSK000728,0
VEH000269,TSK000728,1
VEH000336,TSK000728,1
VEH000341,TSK000728,0
VEH000261,TSK000728,1
VEH000042,TSK000728,1
VEH000353,TSK000728,0
VEH000308,TSK000728,1
VEH000296,TSK000728,1
VEH000078,TSK000728,0
VEH000511,TSK000728,1
VEH000529,TSK000728,1
VEH000220,TSK000728,1
VEH000037,TSK000728,1
VEH000367,TSK000728,1
VEH000368,TSK000728,0
VEH000411,TSK000728,1
VEH000085,TSK000728,0
VEH000098,TSK000728,0
VEH000395,TSK000728,1
VEH000420,TSK000728,1
VEH000083,TSK000728,1
VEH000024,TSK000728,0
VEH000025,TSK000728,1
VEH000280,TSK000728,1
VEH000523,TSK000728,1
VEH000080,TSK000744,1
VEH000323,TSK000744,0
VEH000340,TSK000744,1
VEH000520,TSK000744,1
VEH000379,TSK000744,1
VEH000328,TSK000744,1
VEH000346,TSK000744,1
VEH000305,TSK000744,1
VEH000060,TSK000744,0
VEH000272,TSK000744,1
VEH000352,TSK000744,1
VEH000045,TSK000744,0
VEH000361,TSK000744,0
VEH000257,TSK000744,0
VEH000421,TSK000744,0
VEH000337,TSK000744,1
VEH000248,TSK000744,1
VEH000402,TSK000744,1
VEH000064,TSK000744,1
VEH000459,TSK000744,0
VEH000484,TSK000744,1
VEH000455,TSK000744,1
VEH000373,TSK000744,1
VEH000516,TSK000744,1
VEH000091,TSK000744,1
VEH000011,TSK000744,1
VEH000277,TSK000744,0
VEH000089,TSK000744,1
VEH000288,TSK000744,1
VEH000377,TSK000744,1
VEH000231,TSK000744,1
VEH000092,TSK000744,1
VEH000263,TSK000744,0
VEH000047,TSK000744,1
VEH000095,TSK000744,1
VEH000440,TSK000744,0
VEH000427,TSK000744,1
VEH000031,TSK000744,1
VEH000309,TSK000744,1
VEH000094,TSK000744,1
VEH000003,TSK000744,1
VEH000318,TSK000744,1
VEH000499,TSK000744,0
VEH000388,TSK000744,1
VEH000397,TSK000744,1
VEH000218,TSK000744,0
VEH000467,TSK000744,1
VEH000100,TSK000744,1
VEH000275,TSK000744,1
VEH000065,TSK000744,1
VEH000299,TSK000744,1
VEH000533,TSK000744,1
VEH000416,TSK000744,1
VEH000058,TSK000744,1
VEH000301,TSK000744,1
VEH000034,TSK000744,1
VEH000043,TSK000744,1
VEH000517,TSK000744,1
VEH000307,TSK000744,1
VEH000422,TSK000744,1
VEH000281,TSK000744,1
VEH000354,TSK000744,1
VEH000386,TSK000744,1
VEH000324,TSK000744,0
VEH000251,TSK000744,1
VEH000313,TSK000744,0
VEH000477,TSK000744,1
VEH000478,TSK000744,1
VEH000265,TSK000744,1
VEH000221,TSK000744,0
VEH000068,TSK000744,1
VEH000431,TSK000744,1
VEH000071,TSK000744,1
VEH000521,TSK000744,1
VEH000053,TSK000744,1
VEH000269,TSK000744,1
VEH000336,TSK000744,1
VEH000341,TSK000744,1
VEH000261,TSK000744,1
VEH000042,TSK000744,0
VEH000353,TSK000744,1
VEH000308,TSK000744,1
VEH000296,TSK000744,1
VEH000078,TSK000744,1
VEH000511,TSK000744,1
VEH000529,TSK000744,1
VEH000220,TSK000744,1
VEH000037,TSK000744,1
VEH000367,TSK000744,1
VEH000368,TSK000744,0
VEH000411,TSK000744,1
VEH000085,TSK000744,1
VEH000098,TSK000744,1
VEH000395,TSK000744,1
VEH000420,TSK000744,1
VEH000083,TSK000744,0
VEH000024,TSK000744,1
VEH000025,TSK000744,0
VEH000280,TSK000744,1
VEH000523,TSK000744,0
VEH000080,TSK000748,1
VEH000323,TSK000748,1
VEH000340,TSK000748,0
VEH000520,TSK000748,1
VEH000379,TSK000748,1
VEH000328,TSK000748,1
VEH000346,TSK000748,1
VEH000305,TSK000748,1
VEH000060,TSK000748,1
VEH000272,TSK000748,1
VEH000352,TSK000748,0
VEH000045,TSK000748,1
VEH000361,TSK000748,1
VEH000257,TSK000748,1
VEH000421,TSK000748,1
VEH000337,TSK000748,1
VEH000248,TSK000748,1
VEH000402,TSK000748,1
VEH000064,TSK000748,1
VEH000459,TSK000748,1
VEH000484,TSK000748,0
VEH000455,TSK000748,1
VEH000373,TSK000748,1
VEH000516,TSK000748,1
VEH000091,TSK000748,1
VEH000011,TSK000748,1
VEH000277,TSK000748,1
VEH000089,TSK000748,1
VEH000288,TSK000748,1
VEH000377,TSK000748,1
VEH000231,TSK000748,0
VEH000092,TSK000748,0
VEH000263,TSK000748,1
VEH000047,TSK000748,1
VEH000095,TSK000748,0
VEH000440,TSK000748,1
VEH000427,TSK000748,1
VEH000031,TSK000748,1
VEH000309,TSK000748,0
VEH000094,TSK000748,1
VEH000003,TSK000748,1
VEH000318,TSK000748,0
VEH000499,TSK000748,1
VEH000388,TSK000748,1
VEH000397,TSK000748,1
VEH000218,TSK000748,1
VEH000467,TSK000748,1
VEH000100,TSK000748,1
VEH000275,TSK000748,1
VEH000065,TSK000748,1
VEH000299,TSK000748,1
VEH000533,TSK000748,1
VEH000416,TSK000748,1
VEH000058,TSK000748,0
VEH000301,TSK000748,1
VEH000034,TSK000748,1
VEH000043,TSK000748,1
VEH000517,TSK000748,1
VEH000307,TSK000748,0
VEH000422,TSK000748,1
VEH000281,TSK000748,0
VEH000354,TSK000748,1
VEH000386,TSK000748,0
VEH000324,TSK000748,1
VEH000251,TSK000748,1
VEH000313,TSK000748,0
VEH000477,TSK000748,1
VEH000478,TSK000748,1
VEH000265,TSK000748,0
VEH000221,TSK000748,1
VEH000068,TSK000748,1
VEH000431,TSK000748,1
VEH000071,TSK000748,0
VEH000521,TSK000748,1
VEH000053,TSK000748,1
VEH000269,TSK000748,1
VEH000336,TSK000748,0
VEH000341,TSK000748,0
VEH000261,TSK000748,1
VEH000042,TSK000748,1
VEH000353,TSK000748,1
VEH000308,TSK000748,1
VEH000296,TSK000748,1
VEH000078,TSK000748,1
VEH000511,TSK000748,1
VEH000529,TSK000748,1
VEH000220,TSK000748,1
VEH000037,TSK000748,1
VEH000367,TSK000748,1
VEH000368,TSK000748,0
VEH000411,TSK000748,1
VEH000085,TSK000748,1
VEH000098,TSK000748,1
VEH000395,TSK000748,0
VEH000420,TSK000748,1
VEH000083,TSK000748,1
VEH000024,TSK000748,0
VEH000025,TSK000748,1
VEH000280,TSK000748,1
VEH000523,TSK000748,1
VEH000080,TSK000768,1
VEH000323,TSK000768,0
VEH000340,TSK000768,1
VEH000520,TSK000768,1
VEH000379,TSK000768,1
VEH000328,TSK000768,1
VEH000346,TSK000768,0
VEH000305,TSK000768,1
VEH000060,TSK000768,1
VEH000272,TSK000768,0
VEH000352,TSK000768,1
VEH000045,TSK000768,1
VEH000361,TSK000768,1
VEH000257,TSK000768,1
VEH000421,TSK000768,1
VEH000337,TSK000768,1
VEH000248,TSK000768,1
VEH000402,TSK000768,1
VEH000064,TSK000768,1
VEH000459,TSK000768,0
VEH000484,TSK000768,1
VEH000455,TSK000768,1
VEH000373,TSK000768,0
VEH000516,TSK000768,1
VEH000091,TSK000768,1
VEH000011,TSK000768,1
VEH000277,TSK000768,1
VEH000089,TSK000768,1
VEH000288,TSK000768,1
VEH000377,TSK000768,1
VEH000231,TSK000768,1
VEH000092,TSK000768,0
VEH000263,TSK000768,1
VEH000047,TSK000768,1
VEH000095,TSK000768,1
VEH000440,TSK000768,0
VEH000427,TSK000768,1
VEH000031,TSK000768,1
VEH000309,TSK000768,1
VEH000094,TSK000768,0
VEH000003,TSK000768,0
VEH000318,TSK000768,0
VEH000499,TSK000768,1
VEH000388,TSK000768,1
VEH000397,TSK000768,1
VEH000218,TSK000768,0
VEH000467,TSK000768,1
VEH000100,TSK000768,1
VEH000275,TSK000768,1
VEH000065,TSK000768,1
VEH000299,TSK000768,1
VEH000533,TSK000768,1
VEH000416,TSK000768,1
VEH000058,TSK000768,1
VEH000301,TSK000768,1
VEH000034,TSK000768,1
VEH000043,TSK000768,1
VEH000517,TSK000768,1
VEH000307,TSK000768,0
VEH000422,TSK000768,1
VEH000281,TSK000768,1
VEH000354,TSK000768,1
VEH000386,TSK000768,1
VEH000324,TSK000768,1
VEH000251,TSK000768,1
VEH000313,TSK000768,1
VEH000477,TSK000768,1
VEH000478,TSK000768,1
VEH000265,TSK000768,0
VEH000221,TSK000768,0
VEH000068,TSK000768,0
VEH000431,TSK000768,1
VEH000071,TSK000768,1
VEH000521,TSK000768,0
VEH000053,TSK000768,1
VEH000269,TSK000768,1
VEH000336,TSK000768,1
VEH000341,TSK000768,0
VEH000261,TSK000768,0
VEH000042,TSK000768,1
VEH000353,TSK000768,1
VEH000308,TSK000768,1
VEH000296,TSK000768,1
VEH000078,TSK000768,1
VEH000511,TSK000768,1
VEH000529,TSK000768,0
VEH000220,TSK000768,1
VEH000037,TSK000768,1
VEH000367,TSK000768,1
VEH000368,TSK000768,1
VEH000411,TSK000768,1
VEH000085,TSK000768,0
VEH000098,TSK000768,1
VEH000395,TSK000768,1
VEH000420,TSK000768,1
VEH000083,TSK000768,1
VEH000024,TSK000768,1
VEH000025,TSK000768,1
VEH000280,TSK000768,1
VEH000523,TSK000768,1
VEH000080,TSK000796,1
VEH000323,TSK000796,1
VEH000340,TSK000796,1
VEH000520,TSK000796,1
VEH000379,TSK000796,0
VEH000328,TSK000796,1
VEH000346,TSK000796,1
VEH000305,TSK000796,0
VEH000060,TSK000796,1
VEH000272,TSK000796,0
VEH000352,TSK000796,1
VEH000045,TSK000796,1
VEH000361,TSK000796,1
VEH000257,TSK000796,0
VEH000421,TSK000796,1
VEH000337,TSK000796,1
VEH000248,TSK000796,1
VEH000402,TSK000796,1
VEH000064,TSK000796,1
VEH000459,TSK000796,1
VEH000484,TSK000796,1
VEH000455,TSK000796,1
VEH000373,TSK000796,1
VEH000516,TSK000796,0
VEH000091,TSK000796,1
VEH000011,TSK000796,0
VEH000277,TSK000796,1
VEH000089,TSK000796,1
VEH000288,TSK000796,1
VEH000377,TSK000796,1
VEH000231,TSK000796,1
VEH000092,TSK000796,1
VEH000263,TSK000796,0
VEH000047,TSK000796,0
VEH000095,TSK000796,1
VEH000440,TSK000796,0
VEH000427,TSK000796,1
VEH000031,TSK000796,1
VEH000309,TSK000796,1
VEH000094,TSK000796,1
VEH000003,TSK000796,1
VEH000318,TSK000796,1
VEH000499,TSK000796,1
VEH000388,TSK000796,1
VEH000397,TSK000796,1
VEH000218,TSK000796,1
VEH000467,TSK000796,1
VEH000100,TSK000796,1
VEH000275,TSK000796,1
VEH000065,TSK000796,1
VEH000299,TSK000796,1
VEH000533,TSK000796,1
VEH000416,TSK000796,1
VEH000058,TSK000796,1
VEH000301,TSK000796,1
VEH000034,TSK000796,1
VEH000043,TSK000796,1
VEH000517,TSK000796,0
VEH000307,TSK000796,1
VEH000422,TSK000796,1
VEH000281,TSK000796,1
VEH000354,TSK000796,0
VEH000386,TSK000796,1
VEH000324,TSK000796,1
VEH000251,TSK000796,1
VEH000313,TSK000796,1
VEH000477,TSK000796,1
VEH000478,TSK000796,0
VEH000265,TSK000796,0
VEH000221,TSK000796,1
VEH000068,TSK000796,1
VEH000431,TSK000796,1
VEH000071,TSK000796,1
VEH000521,TSK000796,1
VEH000053,TSK000796,1
VEH000269,TSK000796,0
VEH000336,TSK000796,0
VEH000341,TSK000796,1
VEH000261,TSK000796,1
VEH000042,TSK000796,1
VEH000353,TSK000796,0
VEH000308,TSK000796,1
VEH000296,TSK000796,0
VEH000078,TSK000796,1
VEH000511,TSK000796,0
VEH000529,TSK000796,1
VEH000220,TSK000796,1
VEH000037,TSK000796,1
VEH000367,TSK000796,1
VEH000368,TSK000796,1
VEH000411,TSK000796,0
VEH000085,TSK000796,1
VEH000098,TSK000796,1
VEH000395,TSK000796,1
VEH000420,TSK000796,0
VEH000083,TSK000796,1
VEH000024,TSK000796,1
VEH000025,TSK000796,1
VEH000280,TSK000796,1
VEH000523,TSK000796,1
VEH000080,TSK000798,1
VEH000323,TSK000798,1
VEH000340,TSK000798,0
VEH000520,TSK000798,1
VEH000379,TSK000798,1
VEH000328,TSK000798,1
VEH000346,TSK000798,1
VEH000305,TSK000798,1
VEH000060,TSK000798,0
VEH000272,TSK000798,1
VEH000352,TSK000798,1
VEH000045,TSK000798,1
VEH000361,TSK000798,1
VEH000257,TSK000798,1
VEH000421,TSK000798,0
VEH000337,TSK000798,1
VEH000248,TSK000798,1
VEH000402,TSK000798,0
VEH000064,TSK000798,1
VEH000459,TSK000798,1
VEH000484,TSK000798,1
VEH000455,TSK000798,0
VEH000373,TSK000798,1
VEH000516,TSK000798,1
VEH000091,TSK000798,1
VEH000011,TSK000798,1
VEH000277,TSK000798,1
VEH000089,TSK000798,1
VEH000288,TSK000798,1
VEH000377,TSK000798,1
VEH000231,TSK000798,1
VEH000092,TSK000798,0
VEH000263,TSK000798,1
VEH000047,TSK000798,1
VEH000095,TSK000798,1
VEH000440,TSK000798,1
VEH000427,TSK000798,1
VEH000031,TSK000798,1
VEH000309,TSK000798,0
VEH000094,TSK000798,0
VEH000003,TSK000798,1
VEH000318,TSK000798,1
VEH000499,TSK000798,1
VEH000388,TSK000798,1
VEH000397,TSK000798,1
VEH000218,TSK000798,1
VEH000467,TSK000798,1
VEH000100,TSK000798,1
VEH000275,TSK000798,1
VEH000065,TSK000798,1
VEH000299,TSK000798,1
VEH000533,TSK000798,1
VEH000416,TSK000798,1
VEH000058,TSK000798,1
VEH000301,TSK000798,0
VEH000034,TSK000798,1
VEH000043,TSK000798,1
VEH000517,TSK000798,1
VEH000307,TSK000798,0
VEH000422,TSK000798,1
VEH000281,TSK000798,1
VEH000354,TSK000798,1
VEH000386,TSK000798,1
VEH000324,TSK000798,1
VEH000251,TSK000798,1
VEH000313,TSK000798,1
VEH000477,TSK000798,1
VEH000478,TSK000798,0
VEH000265,TSK000798,1
VEH000221,TSK000798,1
VEH000068,TSK000798,0
VEH000431,TSK000798,1
VEH000071,TSK000798,1
VEH000521,TSK000798,1
VEH000053,TSK000798,1
VEH000269,TSK000798,1
VEH000336,TSK000798,1
VEH000341,TSK000798,0
VEH000261,TSK000798,1
VEH000042,TSK000798,0
VEH000353,TSK000798,1
VEH000308,TSK000798,0
VEH000296,TSK000798,1
VEH000078,TSK000798,0
VEH000511,TSK000798,0
VEH000529,TSK000798,0
VEH000220,TSK000798,1
VEH000037,TSK000798,1
VEH000367,TSK000798,1
VEH000368,TSK000798,1
VEH000411,TSK000798,0
VEH000085,TSK000798,1
VEH000098,TSK000798,0
VEH000395,TSK000798,1
VEH000420,TSK000798,1
VEH000083,TSK000798,1
VEH000024,TSK000798,1
VEH000025,TSK000798,1
VEH000280,TSK000798,1
VEH000523,TSK000798,1
VEH000080,TSK000828,1
VEH000323,TSK000828,1
VEH000340,TSK000828,1
VEH000520,TSK000828,1
VEH000379,TSK000828,1
VEH000328,TSK000828,1
VEH000346,TSK000828,1
VEH000305,TSK000828,1
VEH000060,TSK000828,1
VEH000272,TSK000828,1
VEH000352,TSK000828,1
VEH000045,TSK000828,1
VEH000361,TSK000828,1
VEH000257,TSK000828,0
VEH000421,TSK000828,1
VEH000337,TSK000828,1
VEH000248,TSK000828,0
VEH000402,TSK000828,1
VEH000064,TSK000828,0
VEH000459,TSK000828,1
VEH000484,TSK000828,1
VEH000455,TSK000828,1
VEH000373,TSK000828,0
VEH000516,TSK000828,0
VEH000091,TSK000828,1
VEH000011,TSK000828,1
VEH000277,TSK000828,1
VEH000089,TSK000828,1
VEH000288,TSK000828,1
VEH000377,TSK000828,1
VEH000231,TSK000828,1
VEH000092,TSK000828,1
VEH000263,TSK000828,0
VEH000047,TSK000828,1
VEH000095,TSK000828,1
VEH000440,TSK000828,1
VEH000427,TSK000828,0
VEH000031,TSK000828,1
VEH000309,TSK000828,0
VEH000094,TSK000828,1
VEH000003,TSK000828,1
VEH000318,TSK000828,1
VEH000499,TSK000828,1
VEH000388,TSK000828,1
VEH000397,TSK000828,0
VEH000218,TSK000828,1
VEH000467,TSK000828,1
VEH000100,TSK000828,1
VEH000275,TSK000828,1
VEH000065,TSK000828,1
VEH000299,TSK000828,1
VEH000533,TSK000828,1
VEH000416,TSK000828,0
VEH000058,TSK000828,1
VEH000301,TSK000828,1
VEH000034,TSK000828,1
VEH000043,TSK000828,1
VEH000517,TSK000828,1
VEH000307,TSK000828,0
VEH000422,TSK000828,1
VEH000281,TSK000828,1
VEH000354,TSK000828,1
VEH000386,TSK000828,0
VEH000324,TSK000828,1
VEH000251,TSK000828,1
VEH000313,TSK000828,1
VEH000477,TSK000828,0
VEH000478,TSK000828,1
VEH000265,TSK000828,1
VEH000221,TSK000828,1
VEH000068,TSK000828,1
VEH000431,TSK000828,1
VEH000071,TSK000828,1
VEH000521,TSK000828,1
VEH000053,TSK000828,1
VEH000269,TSK000828,1
VEH000336,TSK000828,1
VEH000341,TSK000828,1
VEH000261,TSK000828,0
VEH000042,TSK000828,0
VEH000353,TSK000828,1
VEH000308,TSK000828,1
VEH000296,TSK000828,0
VEH000078,TSK000828,1
VEH000511,TSK000828,1
VEH000529,TSK000828,1
VEH000220,TSK000828,0
VEH000037,TSK000828,1
VEH000367,TSK000828,0
VEH000368,TSK000828,1
VEH000411,TSK000828,1
VEH000085,TSK000828,0
VEH000098,TSK000828,1
VEH000395,TSK000828,1
VEH000420,TSK000828,0
VEH000083,TSK000828,1
VEH000024,TSK000828,1
VEH000025,TSK000828,1
VEH000280,TSK000828,1
VEH000523,TSK000828,1
VEH000080,TSK000874,1
VEH000323,TSK000874,0
VEH000340,TSK000874,1
VEH000520,TSK000874,1
VEH000379,TSK000874,1
VEH000328,TSK000874,1
VEH000346,TSK000874,1
VEH000305,TSK000874,0
VEH000060,TSK000874,0
VEH000272,TSK000874,0
VEH000352,TSK000874,1
VEH000045,TSK000874,1
VEH000361,TSK000874,1
VEH000257,TSK000874,1
VEH000421,TSK000874,1
VEH000337,TSK000874,1
VEH000248,TSK000874,1
VEH000402,TSK000874,0
VEH000064,TSK000874,1
VEH000459,TSK000874,1
VEH000484,TSK000874,1
VEH000455,TSK000874,1
VEH000373,TSK000874,1
VEH000516,TSK000874,1
VEH000091,TSK000874,0
VEH000011,TSK000874,1
VEH000277,TSK000874,1
VEH000089,TSK000874,1
VEH000288,TSK000874,1
VEH000377,TSK000874,1
VEH000231,TSK000874,1
VEH000092,TSK000874,1
VEH000263,TSK000874,1
VEH000047,TSK000874,1
VEH000095,TSK000874,1
VEH000440,TSK000874,0
VEH000427,TSK000874,1
VEH000031,TSK000874,0
VEH000309,TSK000874,1
VEH000094,TSK000874,1
VEH000003,TSK000874,1
VEH000318,TSK000874,1
VEH000499,TSK000874,1
VEH000388,TSK000874,1
VEH000397,TSK000874,1
VEH000218,TSK000874,1
VEH000467,TSK000874,1
VEH000100,TSK000874,0
VEH000275,TSK000874,1
VEH000065,TSK000874,1
VEH000299,TSK000874,1
VEH000533,TSK000874,0
VEH000416,TSK000874,1
VEH000058,TSK000874,1
VEH000301,TSK000874,1
VEH000034,TSK000874,1
VEH000043,TSK000874,1
VEH000517,TSK000874,0
VEH000307,TSK000874,1
VEH000422,TSK000874,1
VEH000281,TSK000874,0
VEH000354,TSK000874,1
VEH000386,TSK000874,1
VEH000324,TSK000874,0
VEH000251,TSK000874,1
VEH000313,TSK000874,1
VEH000477,TSK000874,1
VEH000478,TSK000874,1
VEH000265,TSK000874,1
VEH000221,TSK000874,1
VEH000068,TSK000874,1
VEH000431,TSK000874,1
VEH000071,TSK000874,0
VEH000521,TSK000874,0
VEH000053,TSK000874,0
VEH000269,TSK000874,1
VEH000336,TSK000874,1
VEH000341,TSK000874,1
VEH000261,TSK000874,1
VEH000042,TSK000874,0
VEH000353,TSK000874,0
VEH000308,TSK000874,1
VEH000296,TSK000874,1
VEH000078,TSK000874,1
VEH000511,TSK000874,1
VEH000529,TSK000874,1
VEH000220,TSK000874,1
VEH000037,TSK000874,1
VEH000367,TSK000874,1
VEH000368,TSK000874,1
VEH000411,TSK000874,1
VEH000085,TSK000874,0
VEH000098,TSK000874,0
VEH000395,TSK000874,1
VEH000420,TSK000874,1
VEH000083,TSK000874,1
VEH000024,TSK000874,1
VEH000025,TSK000874,1
VEH000280,TSK000874,1
VEH000523,TSK000874,1
VEH000080,TSK000891,0
VEH000323,TSK000891,1
VEH000340,TSK000891,1
VEH000520,TSK000891,1
VEH000379,TSK000891,1
VEH000328,TSK000891,1
VEH000346,TSK000891,1
VEH000305,TSK000891,0
VEH000060,TSK000891,1
VEH000272,TSK000891,1
VEH000352,TSK000891,0
VEH000045,TSK000891,1
VEH000361,TSK000891,1
VEH000257,TSK000891,1
VEH000421,TSK000891,1
VEH000337,TSK000891,1
VEH000248,TSK000891,1
VEH000402,TSK000891,1
VEH000064,TSK000891,1
VEH000459,TSK000891,1
VEH000484,TSK000891,0
VEH000455,TSK000891,0
VEH000373,TSK000891,1
VEH000516,TSK000891,1
VEH000091,TSK000891,1
VEH000011,TSK000891,1
VEH000277,TSK000891,1
VEH000089,TSK000891,1
VEH000288,TSK000891,0
VEH000377,TSK000891,0
VEH000231,TSK000891,1
VEH000092,TSK000891,1
VEH000263,TSK000891,1
VEH000047,TSK000891,1
VEH000095,TSK000891,1
VEH000440,TSK000891,1
VEH000427,TSK000891,0
VEH000031,TSK000891,1
VEH000309,TSK000891,1
VEH000094,TSK000891,0
VEH000003,TSK000891,1
VEH000318,TSK000891,1
VEH000499,TSK000891,1
VEH000388,TSK000891,0
VEH000397,TSK000891,1
VEH000218,TSK000891,1
VEH000467,TSK000891,1
VEH000100,TSK000891,1
VEH000275,TSK000891,1
VEH000065,TSK000891,1
VEH000299,TSK000891,1
VEH000533,TSK000891,1
VEH000416,TSK000891,1
VEH000058,TSK000891,1
VEH000301,TSK000891,0
VEH000034,TSK000891,1
VEH000043,TSK000891,1
VEH000517,TSK000891,1
VEH000307,TSK000891,1
VEH000422,TSK000891,1
VEH000281,TSK000891,1
VEH000354,TSK000891,1
VEH000386,TSK000891,1
VEH000324,TSK000891,1
VEH000251,TSK000891,1
VEH000313,TSK000891,0
VEH000477,TSK000891,1
VEH000478,TSK000891,1
VEH000265,TSK000891,1
VEH000221,TSK000891,1
VEH000068,TSK000891,1
VEH000431,TSK000891,0
VEH000071,TSK000891,1
VEH000521,TSK000891,0
VEH000053,TSK000891,0
VEH000269,TSK000891,1
VEH000336,TSK000891,0
VEH000341,TSK000891,1
VEH000261,TSK000891,1
VEH000042,TSK000891,0
VEH000353,TSK000891,1
VEH000308,TSK000891,1
VEH000296,TSK000891,1
VEH000078,TSK000891,0
VEH000511,TSK000891,1
VEH000529,TSK000891,1
VEH000220,TSK000891,1
VEH000037,TSK000891,1
VEH000367,TSK000891,0
VEH000368,TSK000891,0
VEH000411,TSK000891,1
VEH000085,TSK000891,1
VEH000098,TSK000891,1
VEH000395,TSK000891,1
VEH000420,TSK000891,1
VEH000083,TSK000891,1
VEH000024,TSK000891,1
VEH000025,TSK000891,1
VEH000280,TSK000891,1
VEH000523,TSK000891,1
VEH000080,TSK000920,1
VEH000323,TSK000920,1
VEH000340,TSK000920,0
VEH000520,TSK000920,0
VEH000379,TSK000920,1
VEH000328,TSK000920,1
VEH000346,TSK000920,1
VEH000305,TSK000920,1
VEH000060,TSK000920,0
VEH000272,TSK000920,0
VEH000352,TSK000920,0
VEH000045,TSK000920,1
VEH000361,TSK000920,1
VEH000257,TSK000920,1
VEH000421,TSK000920,1
VEH000337,TSK000920,1
VEH000248,TSK000920,0
VEH000402,TSK000920,1
VEH000064,TSK000920,1
VEH000459,TSK000920,1
VEH000484,TSK000920,1
VEH000455,TSK000920,1
VEH000373,TSK000920,1
VEH000516,TSK000920,1
VEH000091,TSK000920,1
VEH000011,TSK000920,0
VEH000277,TSK000920,0
VEH000089,TSK000920,1
VEH000288,TSK000920,1
VEH000377,TSK000920,1
VEH000231,TSK000920,1
VEH000092,TSK000920,0
VEH000263,TSK000920,1
VEH000047,TSK000920,1
VEH000095,TSK000920,1
VEH000440,TSK000920,0
VEH000427,TSK000920,1
VEH000031,TSK000920,1
VEH000309,TSK000920,1
VEH000094,TSK000920,1
VEH000003,TSK000920,1
VEH000318,TSK000920,1
VEH000499,TSK000920,1
VEH000388,TSK000920,1
VEH000397,TSK000920,1
VEH000218,TSK000920,0
VEH000467,TSK000920,0
VEH000100,TSK000920,1
VEH000275,TSK000920,1
VEH000065,TSK000920,1
VEH000299,TSK000920,1
VEH000533,TSK000920,1
VEH000416,TSK000920,1
VEH000058,TSK000920,1
VEH000301,TSK000920,1
VEH000034,TSK000920,1
VEH000043,TSK000920,1
VEH000517,TSK000920,0
VEH000307,TSK000920,1
VEH000422,TSK000920,1
VEH000281,TSK000920,1
VEH000354,TSK000920,0
VEH000386,TSK000920,1
VEH000324,TSK000920,0
VEH000251,TSK000920,1
VEH000313,TSK000920,1
VEH000477,TSK000920,1
VEH000478,TSK000920,1
VEH000265,TSK000920,1
VEH000221,TSK000920,1
VEH000068,TSK000920,1
VEH000431,TSK000920,0
VEH000071,TSK000920,1
VEH000521,TSK000920,1
VEH000053,TSK000920,1
VEH000269,TSK000920,1
VEH000336,TSK000920,0
VEH000341,TSK000920,1
VEH000261,TSK000920,0
VEH000042,TSK000920,1
VEH000353,TSK000920,1
VEH000308,TSK000920,1
VEH000296,TSK000920,1
VEH000078,TSK000920,1
VEH000511,TSK000920,1
VEH000529,TSK000920,1
VEH000220,TSK000920,1
VEH000037,TSK000920,1
VEH000367,TSK000920,1
VEH000368,TSK000920,1
VEH000411,TSK000920,0
VEH000085,TSK000920,1
VEH000098,TSK000920,1
VEH000395,TSK000920,1
VEH000420,TSK000920,1
VEH000083,TSK000920,1
VEH000024,TSK000920,1
VEH000025,TSK000920,0
VEH000280,TSK000920,1
VEH000523,TSK000920,1
VEH000080,TSK000929,1
VEH000323,TSK000929,1
VEH000340,TSK000929,1
VEH000520,TSK000929,1
VEH000379,TSK000929,1
VEH000328,TSK000929,1
VEH000346,TSK000929,1
VEH000305,TSK000929,0
VEH000060,TSK000929,1
VEH000272,TSK000929,0
VEH000352,TSK000929,0
VEH000045,TSK000929,1
VEH000361,TSK000929,1
VEH000257,TSK000929,1
VEH000421,TSK000929,1
VEH000337,TSK000929,0
VEH000248,TSK000929,1
VEH000402,TSK000929,0
VEH000064,TSK000929,1
VEH000459,TSK000929,0
VEH000484,TSK000929,1
VEH000455,TSK000929,1
VEH000373,TSK000929,1
VEH000516,TSK000929,1
VEH000091,TSK000929,1
VEH000011,TSK000929,1
VEH000277,TSK000929,1
VEH000089,TSK000929,1
VEH000288,TSK000929,1
VEH000377,TSK000929,1
VEH000231,TSK000929,1
VEH000092,TSK000929,1
VEH000263,TSK000929,0
VEH000047,TSK000929,1
VEH000095,TSK000929,1
VEH000440,TSK000929,1
VEH000427,TSK000929,0
VEH000031,TSK000929,1
VEH000309,TSK000929,1
VEH000094,TSK000929,0
VEH000003,TSK000929,1
VEH000318,TSK000929,1
VEH000499,TSK000929,1
VEH000388,TSK000929,1
VEH000397,TSK000929,1
VEH000218,TSK000929,1
VEH000467,TSK000929,1
VEH000100,TSK000929,1
VEH000275,TSK000929,0
VEH000065,TSK000929,1
VEH000299,TSK000929,1
VEH000533,TSK000929,0
VEH000416,TSK000929,1
VEH000058,TSK000929,1
VEH000301,TSK000929,1
VEH000034,TSK000929,1
VEH000043,TSK000929,1
VEH000517,TSK000929,1
VEH000307,TSK000929,1
VEH000422,TSK000929,1
VEH000281,TSK000929,1
VEH000354,TSK000929,0
VEH000386,TSK000929,1
VEH000324,TSK000929,0
VEH000251,TSK000929,1
VEH000313,TSK000929,1
VEH000477,TSK000929,1
VEH000478,TSK000929,1
VEH000265,TSK000929,1
VEH000221,TSK000929,1
VEH000068,TSK000929,1
VEH000431,TSK000929,0
VEH000071,TSK000929,1
VEH000521,TSK000929,1
VEH000053,TSK000929,1
VEH000269,TSK000929,0
VEH000336,TSK000929,1
VEH000341,TSK000929,1
VEH000261,TSK000929,1
VEH000042,TSK000929,0
VEH000353,TSK000929,0
VEH000308,TSK000929,1
VEH000296,TSK000929,1
VEH000078,TSK000929,1
VEH000511,TSK000929,1
VEH000529,TSK000929,1
VEH000220,TSK000929,1
VEH000037,TSK000929,1
VEH000367,TSK000929,1
VEH000368,TSK000929,1
VEH000411,TSK000929,0
VEH000085,TSK000929,1
VEH000098,TSK000929,1
VEH000395,TSK000929,1
VEH000420,TSK000929,0
VEH000083,TSK000929,1
VEH000024,TSK000929,1
VEH000025,TSK000929,1
VEH000280,TSK000929,1
VEH000523,TSK000929,0
VEH000080,TSK000984,1
VEH000323,TSK000984,1
VEH000340,TSK000984,0
VEH000520,TSK000984,1
VEH000379,TSK000984,1
VEH000328,TSK000984,0
VEH000346,TSK000984,1
VEH000305,TSK000984,1
VEH000060,TSK000984,1
VEH000272,TSK000984,1
VEH000352,TSK000984,1
VEH000045,TSK000984,1
VEH000361,TSK000984,1
VEH000257,TSK000984,0
VEH000421,TSK000984,1
VEH000337,TSK000984,1
VEH000248,TSK000984,1
VEH000402,TSK000984,1
VEH000064,TSK000984,0
VEH000459,TSK000984,0
VEH000484,TSK000984,0
VEH000455,TSK000984,1
VEH000373,TSK000984,1
VEH000516,TSK000984,1
VEH000091,TSK000984,1
VEH000011,TSK000984,1
VEH000277,TSK000984,1
VEH000089,TSK000984,1
VEH000288,TSK000984,0
VEH000377,TSK000984,1
VEH000231,TSK000984,1
VEH000092,TSK000984,1
VEH000263,TSK000984,1
VEH000047,TSK000984,1
VEH000095,TSK000984,1
VEH000440,TSK000984,1
VEH000427,TSK000984,1
VEH000031,TSK000984,1
VEH000309,TSK000984,1
VEH000094,TSK000984,1
VEH000003,TSK000984,1
VEH000318,TSK000984,1
VEH000499,TSK000984,1
VEH000388,TSK000984,0
VEH000397,TSK000984,1
VEH000218,TSK000984,0
VEH000467,TSK000984,1
VEH000100,TSK000984,1
VEH000275,TSK000984,0
VEH000065,TSK000984,1
VEH000299,TSK000984,1
VEH000533,TSK000984,1
VEH000416,TSK000984,1
VEH000058,TSK000984,1
VEH000301,TSK000984,1
VEH000034,TSK000984,1
VEH000043,TSK000984,1
VEH000517,TSK000984,1
VEH000307,TSK000984,1
VEH000422,TSK000984,0
VEH000281,TSK000984,1
VEH000354,TSK000984,1
VEH000386,TSK000984,1
VEH000324,TSK000984,1
VEH000251,TSK000984,1
VEH000313,TSK000984,1
VEH000477,TSK000984,1
VEH000478,TSK000984,1
VEH000265,TSK000984,1
VEH000221,TSK000984,1
VEH000068,TSK000984,0
VEH000431,TSK000984,1
VEH000071,TSK000984,1
VEH000521,TSK000984,1
VEH000053,TSK000984,1
VEH000269,TSK000984,0
VEH000336,TSK000984,1
VEH000341,TSK000984,1
VEH000261,TSK000984,0
VEH000042,TSK000984,0
VEH000353,TSK000984,1
VEH000308,TSK000984,1
VEH000296,TSK000984,1
VEH000078,TSK000984,1
VEH000511,TSK000984,1
VEH000529,TSK000984,0
VEH000220,TSK000984,1
VEH000037,TSK000984,1
VEH000367,TSK000984,1
VEH000368,TSK000984,1
VEH000411,TSK000984,1
VEH000085,TSK000984,1
VEH000098,TSK000984,1
VEH000395,TSK000984,0
VEH000420,TSK000984,0
VEH000083,TSK000984,0
VEH000024,TSK000984,1
VEH000025,TSK000984,1
VEH000280,TSK000984,0
VEH000523,TSK000984,1
VEH000080,TSK001014,1
VEH000323,TSK001014,1
VEH000340,TSK001014,1
VEH000520,TSK001014,1
VEH000379,TSK001014,1
VEH000328,TSK001014,1
VEH000346,TSK001014,0
VEH000305,TSK001014,1
VEH000060,TSK001014,0
VEH000272,TSK001014,1
VEH000352,TSK001014,1
VEH000045,TSK001014,1
VEH000361,TSK001014,1
VEH000257,TSK001014,1
VEH000421,TSK001014,1
VEH000337,TSK001014,1
VEH000248,TSK001014,1
VEH000402,TSK001014,1
VEH000064,TSK001014,1
VEH000459,TSK001014,1
VEH000484,TSK001014,1
VEH000455,TSK001014,0
VEH000373,TSK001014,1
VEH000516,TSK001014,1
VEH000091,TSK001014,1
VEH000011,TSK001014,1
VEH000277,TSK001014,0
VEH000089,TSK001014,1
VEH000288,TSK001014,1
VEH000377,TSK001014,1
VEH000231,TSK001014,1
VEH000092,TSK001014,1
VEH000263,TSK001014,1
VEH000047,TSK001014,0
VEH000095,TSK001014,1
VEH000440,TSK001014,0
VEH000427,TSK001014,1
VEH000031,TSK001014,1
VEH000309,TSK001014,1
VEH000094,TSK001014,1
VEH000003,TSK001014,0
VEH000318,TSK001014,1
VEH000499,TSK001014,1
VEH000388,TSK001014,0
VEH000397,TSK001014,0
VEH000218,TSK001014,0
VEH000467,TSK001014,1
VEH000100,TSK001014,1
VEH000275,TSK001014,0
VEH000065,TSK001014,0
VEH000299,TSK001014,1
VEH000533,TSK001014,1
VEH000416,TSK001014,1
VEH000058,TSK001014,1
VEH000301,TSK001014,1
VEH000034,TSK001014,0
VEH000043,TSK001014,0
VEH000517,TSK001014,0
VEH000307,TSK001014,1
VEH000422,TSK001014,1
VEH000281,TSK001014,1
VEH000354,TSK001014,1
VEH000386,TSK001014,1
VEH000324,TSK001014,1
VEH000251,TSK001014,0
VEH000313,TSK001014,1
VEH000477,TSK001014,1
VEH000478,TSK001014,0
VEH000265,TSK001014,1
VEH000221,TSK001014,1
VEH000068,TSK001014,1
VEH000431,TSK001014,0
VEH000071,TSK001014,1
VEH000521,TSK001014,1
VEH000053,TSK001014,1
VEH000269,TSK001014,1
VEH000336,TSK001014,1
VEH000341,TSK001014,1
VEH000261,TSK001014,1
VEH000042,TSK001014,1
VEH000353,TSK001014,1
VEH000308,TSK001014,1
VEH000296,TSK001014,1
VEH000078,TSK001014,1
VEH000511,TSK001014,1
VEH000529,TSK001014,1
VEH000220,TSK001014,1
VEH000037,TSK001014,1
VEH000367,TSK001014,1
VEH000368,TSK001014,0
VEH000411,TSK001014,1
VEH000085,TSK001014,1
VEH000098,TSK001014,1
VEH000395,TSK001014,0
VEH000420,TSK001014,1
VEH000083,TSK001014,1
VEH000024,TSK001014,1
VEH000025,TSK001014,1
VEH000280,TSK001014,1
VEH000523,TSK001014,1
VEH000080,TSK001029,1
VEH000323,TSK001029,1
VEH000340,TSK001029,1
VEH000520,TSK001029,1
VEH000379,TSK001029,1
VEH000328,TSK001029,1
VEH000346,TSK001029,0
VEH000305,TSK001029,1
VEH000060,TSK001029,1
VEH000272,TSK001029,1
VEH000352,TSK001029,1
VEH000045,TSK001029,1
VEH000361,TSK001029,0
VEH000257,TSK001029,1
VEH000421,TSK001029,1
VEH000337,TSK001029,1
VEH000248,TSK001029,0
VEH000402,TSK001029,1
VEH000064,TSK001029,1
VEH000459,TSK001029,1
VEH000484,TSK001029,0
VEH000455,TSK001029,1
VEH000373,TSK001029,0
VEH000516,TSK001029,1
VEH000091,TSK001029,0
VEH000011,TSK001029,1
VEH000277,TSK001029,0
VEH000089,TSK001029,0
VEH000288,TSK001029,1
VEH000377,TSK001029,1
VEH000231,TSK001029,0
VEH000092,TSK001029,1
VEH000263,TSK001029,0
VEH000047,TSK001029,0
VEH000095,TSK001029,1
VEH000440,TSK001029,0
VEH000427,TSK001029,1
VEH000031,TSK001029,1
VEH000309,TSK001029,1
VEH000094,TSK001029,1
VEH000003,TSK001029,1
VEH000318,TSK001029,1
VEH000499,TSK001029,0
VEH000388,TSK001029,1
VEH000397,TSK001029,1
VEH000218,TSK001029,1
VEH000467,TSK001029,1
VEH000100,TSK001029,1
VEH000275,TSK001029,1
VEH000065,TSK001029,1
VEH000299,TSK001029,1
VEH000533,TSK001029,1
VEH000416,TSK001029,1
VEH000058,TSK001029,1
VEH000301,TSK001029,1
VEH000034,TSK001029,1
VEH000043,TSK001029,1
VEH000517,TSK001029,1
VEH000307,TSK001029,1
VEH000422,TSK001029,1
VEH000281,TSK001029,1
VEH000354,TSK001029,1
VEH000386,TSK001029,1
VEH000324,TSK001029,1
VEH000251,TSK001029,1
VEH000313,TSK001029,1
VEH000477,TSK001029,1
VEH000478,TSK001029,1
VEH000265,TSK001029,1
VEH000221,TSK001029,1
VEH000068,TSK001029,1
VEH000431,TSK001029,1
VEH000071,TSK001029,1
VEH000521,TSK001029,0
VEH000053,TSK001029,0
VEH000269,TSK001029,1
VEH000336,TSK001029,1
VEH000341,TSK001029,1
VEH000261,TSK001029,1
VEH000042,TSK001029,1
VEH000353,TSK001029,0
VEH000308,TSK001029,1
VEH000296,TSK001029,1
VEH000078,TSK001029,1
VEH000511,TSK001029,1
VEH000529,TSK001029,1
VEH000220,TSK001029,0
VEH000037,TSK001029,1
VEH000367,TSK001029,1
VEH000368,TSK001029,0
VEH000411,TSK001029,1
VEH000085,TSK001029,1
VEH000098,TSK001029,1
VEH000395,TSK001029,1
VEH000420,TSK001029,1
VEH000083,TSK001029,0
VEH000024,TSK001029,1
VEH000025,TSK001029,1
VEH000280,TSK001029,1
VEH000523,TSK001029,0
VEH000080,TSK001066,1
VEH000323,TSK001066,1
VEH000340,TSK001066,1
VEH000520,TSK001066,0
VEH000379,TSK001066,1
VEH000328,TSK001066,1
VEH000346,TSK001066,1
VEH000305,TSK001066,1
VEH000060,TSK001066,1
VEH000272,TSK001066,0
VEH000352,TSK001066,1
VEH000045,TSK001066,1
VEH000361,TSK001066,1
VEH000257,TSK001066,1
VEH000421,TSK001066,1
VEH000337,TSK001066,1
VEH000248,TSK001066,1
VEH000402,TSK001066,1
VEH000064,TSK001066,1
VEH000459,TSK001066,1
VEH000484,TSK001066,1
VEH000455,TSK001066,1
VEH000373,TSK001066,1
VEH000516,TSK001066,1
VEH000091,TSK001066,1
VEH000011,TSK001066,1
VEH000277,TSK001066,1
VEH000089,TSK001066,0
VEH000288,TSK001066,1
VEH000377,TSK001066,1
VEH000231,TSK001066,1
VEH000092,TSK001066,0
VEH000263,TSK001066,1
VEH000047,TSK001066,1
VEH000095,TSK001066,0
VEH000440,TSK001066,1
VEH000427,TSK001066,1
VEH000031,TSK001066,1
VEH000309,TSK001066,0
VEH000094,TSK001066,1
VEH000003,TSK001066,1
VEH000318,TSK001066,1
VEH000499,TSK001066,1
VEH000388,TSK001066,1
VEH000397,TSK001066,1
VEH000218,TSK001066,0
VEH000467,TSK001066,0
VEH000100,TSK001066,1
VEH000275,TSK001066,1
VEH000065,TSK001066,1
VEH000299,TSK001066,1
VEH000533,TSK001066,0
VEH000416,TSK001066,1
VEH000058,TSK001066,1
VEH000301,TSK001066,0
VEH000034,TSK001066,0
VEH000043,TSK001066,1
VEH000517,TSK001066,1
VEH000307,TSK001066,1
VEH000422,TSK001066,1
VEH000281,TSK001066,1
VEH000354,TSK001066,1
VEH000386,TSK001066,1
VEH000324,TSK001066,1
VEH000251,TSK001066,1
VEH000313,TSK001066,1
VEH000477,TSK001066,1
VEH000478,TSK001066,1
VEH000265,TSK001066,1
VEH000221,TSK001066,1
VEH000068,TSK001066,1
VEH000431,TSK001066,1
VEH000071,TSK001066,1
VEH000521,TSK001066,0
VEH000053,TSK001066,0
VEH000269,TSK001066,1
VEH000336,TSK001066,1
VEH000341,TSK001066,1
VEH000261,TSK001066,0
VEH000042,TSK001066,1
VEH000353,TSK001066,1
VEH000308,TSK001066,1
VEH000296,TSK001066,1
VEH000078,TSK001066,1
VEH000511,TSK001066,1
VEH000529,TSK001066,1
VEH000220,TSK001066,1
VEH000037,TSK001066,0
VEH000367,TSK001066,0
VEH000368,TSK001066,1
VEH000411,TSK001066,1
VEH000085,TSK001066,0
VEH000098,TSK001066,1
VEH000395,TSK001066,1
VEH000420,TSK001066,1
VEH000083,TSK001066,1
VEH000024,TSK001066,1
VEH000025,TSK001066,0
VEH000280,TSK001066,0
VEH000523,TSK001066,0
VEH000080,TSK001075,1
VEH000323,TSK001075,0
VEH000340,TSK001075,1
VEH000520,TSK001075,1
VEH000379,TSK001075,1
VEH000328,TSK001075,1
VEH000346,TSK001075,1
VEH000305,TSK001075,0
VEH000060,TSK001075,1
VEH000272,TSK001075,1
VEH000352,TSK001075,1
VEH000045,TSK001075,1
VEH000361,TSK001075,1
VEH000257,TSK001075,1
VEH000421,TSK001075,1
VEH000337,TSK001075,1
VEH000248,TSK001075,1
VEH000402,TSK001075,1
VEH000064,TSK001075,1
VEH000459,TSK001075,1
VEH000484,TSK001075,1
VEH000455,TSK001075,0
VEH000373,TSK001075,1
VEH000516,TSK001075,1
VEH000091,TSK001075,1
VEH000011,TSK001075,1
VEH000277,TSK001075,1
VEH000089,TSK001075,1
VEH000288,TSK001075,1
VEH000377,TSK001075,1
VEH000231,TSK001075,0
VEH000092,TSK001075,0
VEH000263,TSK001075,1
VEH000047,TSK001075,1
VEH000095,TSK001075,1
VEH000440,TSK001075,0
VEH000427,TSK001075,1
VEH000031,TSK001075,0
VEH000309,TSK001075,1
VEH000094,TSK001075,1
VEH000003,TSK001075,0
VEH000318,TSK001075,1
VEH000499,TSK001075,1
VEH000388,TSK001075,1
VEH000397,TSK001075,1
VEH000218,TSK001075,1
VEH000467,TSK001075,1
VEH000100,TSK001075,1
VEH000275,TSK001075,1
VEH000065,TSK001075,1
VEH000299,TSK001075,0
VEH000533,TSK001075,0
VEH000416,TSK001075,0
VEH000058,TSK001075,1
VEH000301,TSK001075,0
VEH000034,TSK001075,1
VEH000043,TSK001075,1
VEH000517,TSK001075,1
VEH000307,TSK001075,1
VEH000422,TSK001075,1
VEH000281,TSK001075,1
VEH000354,TSK001075,1
VEH000386,TSK001075,1
VEH000324,TSK001075,1
VEH000251,TSK001075,1
VEH000313,TSK001075,1
VEH000477,TSK001075,1
VEH000478,TSK001075,1
VEH000265,TSK001075,1
VEH000221,TSK001075,1
VEH000068,TSK001075,0
VEH000431,TSK001075,1
VEH000071,TSK001075,0
VEH000521,TSK001075,1
VEH000053,TSK001075,1
VEH000269,TSK001075,1
VEH000336,TSK001075,1
VEH000341,TSK001075,1
VEH000261,TSK001075,1
VEH000042,TSK001075,1
VEH000353,TSK001075,0
VEH000308,TSK001075,0
VEH000296,TSK001075,0
VEH000078,TSK001075,0
VEH000511,TSK001075,0
VEH000529,TSK001075,1
VEH000220,TSK001075,1
VEH000037,TSK001075,1
VEH000367,TSK001075,1
VEH000368,TSK001075,1
VEH000411,TSK001075,1
VEH000085,TSK001075,1
VEH000098,TSK001075,0
VEH000395,TSK001075,1
VEH000420,TSK001075,1
VEH000083,TSK001075,1
VEH000024,TSK001075,1
VEH000025,TSK001075,1
VEH000280,TSK001075,1
VEH000523,TSK001075,1
VEH000080,TSK001117,1
VEH000323,TSK001117,0
VEH000340,TSK001117,1
VEH000520,TSK001117,0
VEH000379,TSK001117,1
VEH000328,TSK001117,1
VEH000346,TSK001117,1
VEH000305,TSK001117,1
VEH000060,TSK001117,0
VEH000272,TSK001117,1
VEH000352,TSK001117,1
VEH000045,TSK001117,0
VEH000361,TSK001117,1
VEH000257,TSK001117,1
VEH000421,TSK001117,1
VEH000337,TSK001117,1
VEH000248,TSK001117,1
VEH000402,TSK001117,1
VEH000064,TSK001117,1
VEH000459,TSK001117,1
VEH000484,TSK001117,1
VEH000455,TSK001117,0
VEH000373,TSK001117,1
VEH000516,TSK001117,1
VEH000091,TSK001117,1
VEH000011,TSK001117,1
VEH000277,TSK001117,1
VEH000089,TSK001117,1
VEH000288,TSK001117,1
VEH000377,TSK001117,1
VEH000231,TSK001117,1
VEH000092,TSK001117,1
VEH000263,TSK001117,1
VEH000047,TSK001117,0
VEH000095,TSK001117,0
VEH000440,TSK001117,1
VEH000427,TSK001117,1
VEH000031,TSK001117,1
VEH000309,TSK001117,1
VEH000094,TSK001117,1
VEH000003,TSK001117,1
VEH000318,TSK001117,1
VEH000499,TSK001117,0
VEH000388,TSK001117,1
VEH000397,TSK001117,1
VEH000218,TSK001117,1
VEH000467,TSK001117,1
VEH000100,TSK001117,0
VEH000275,TSK001117,1
VEH000065,TSK001117,1
VEH000299,TSK001117,1
VEH000533,TSK001117,1
VEH000416,TSK001117,1
VEH000058,TSK001117,1
VEH000301,TSK001117,0
VEH000034,TSK001117,1
VEH000043,TSK001117,0
VEH000517,TSK001117,0
VEH000307,TSK001117,1
VEH000422,TSK001117,1
VEH000281,TSK001117,1
VEH000354,TSK001117,1
VEH000386,TSK001117,1
VEH000324,TSK001117,1
VEH000251,TSK001117,1
VEH000313,TSK001117,1
VEH000477,TSK001117,1
VEH000478,TSK001117,1
VEH000265,TSK001117,1
VEH000221,TSK001117,1
VEH000068,TSK001117,0
VEH000431,TSK001117,1
VEH000071,TSK001117,0
VEH000521,TSK001117,1
VEH000053,TSK001117,0
VEH000269,TSK001117,0
VEH000336,TSK001117,1
VEH000341,TSK001117,1
VEH000261,TSK001117,1
VEH000042,TSK001117,1
VEH000353,TSK001117,1
VEH000308,TSK001117,0
VEH000296,TSK001117,1
VEH000078,TSK001117,1
VEH000511,TSK001117,1
VEH000529,TSK001117,1
VEH000220,TSK001117,0
VEH000037,TSK001117,1
VEH000367,TSK001117,1
VEH000368,TSK001117,0
VEH000411,TSK001117,1
VEH000085,TSK001117,1
VEH000098,TSK001117,1
VEH000395,TSK001117,1
VEH000420,TSK001117,1
VEH000083,TSK001117,1
VEH000024,TSK001117,1
VEH000025,TSK001117,0
VEH000280,TSK001117,1
VEH000523,TSK001117,1
VEH000080,TSK001150,1
VEH000323,TSK001150,1
VEH000340,TSK001150,0
VEH000520,TSK001150,0
VEH000379,TSK001150,1
VEH000328,TSK001150,1
VEH000346,TSK001150,1
VEH000305,TSK001150,1
VEH000060,TSK001150,1
VEH000272,TSK001150,1
VEH000352,TSK001150,0
VEH000045,TSK001150,1
VEH000361,TSK001150,1
VEH000257,TSK001150,1
VEH000421,TSK001150,1
VEH000337,TSK001150,0
VEH000248,TSK001150,1
VEH000402,TSK001150,1
VEH000064,TSK001150,1
VEH000459,TSK001150,1
VEH000484,TSK001150,1
VEH000455,TSK001150,1
VEH000373,TSK001150,1
VEH000516,TSK001150,1
VEH000091,TSK001150,1
VEH000011,TSK001150,1
VEH000277,TSK001150,1
VEH000089,TSK001150,1
VEH000288,TSK001150,1
VEH000377,TSK001150,1
VEH000231,TSK001150,1
VEH000092,TSK001150,0
VEH000263,TSK001150,1
VEH000047,TSK001150,1
VEH000095,TSK001150,1
VEH000440,TSK001150,1
VEH000427,TSK001150,1
VEH000031,TSK001150,0
VEH000309,TSK001150,1
VEH000094,TSK001150,1
VEH000003,TSK001150,1
VEH000318,TSK001150,1
VEH000499,TSK001150,1
VEH000388,TSK001150,1
VEH000397,TSK001150,1
VEH000218,TSK001150,1
VEH000467,TSK001150,1
VEH000100,TSK001150,1
VEH000275,TSK001150,1
VEH000065,TSK001150,1
VEH000299,TSK001150,1
VEH000533,TSK001150,1
VEH000416,TSK001150,1
VEH000058,TSK001150,1
VEH000301,TSK001150,1
VEH000034,TSK001150,1
VEH000043,TSK001150,0
VEH000517,TSK001150,1
VEH000307,TSK001150,1
VEH000422,TSK001150,1
VEH000281,TSK001150,1
VEH000354,TSK001150,1
VEH000386,TSK001150,0
VEH000324,TSK001150,1
VEH000251,TSK001150,1
VEH000313,TSK001150,1
VEH000477,TSK001150,1
VEH000478,TSK001150,1
VEH000265,TSK001150,0
VEH000221,TSK001150,1
VEH000068,TSK001150,0
VEH000431,TSK001150,1
VEH000071,TSK001150,1
VEH000521,TSK001150,1
VEH000053,TSK001150,1
VEH000269,TSK001150,0
VEH000336,TSK001150,1
VEH000341,TSK001150,1
VEH000261,TSK001150,1
VEH000042,TSK001150,1
VEH000353,TSK001150,0
VEH000308,TSK001150,1
VEH000296,TSK001150,0
VEH000078,TSK001150,1
VEH000511,TSK001150,1
VEH000529,TSK001150,1
VEH000220,TSK001150,0
VEH000037,TSK001150,1
VEH000367,TSK001150,1
VEH000368,TSK001150,0
VEH000411,TSK001150,1
VEH000085,TSK001150,1
VEH000098,TSK001150,0
VEH000395,TSK001150,0
VEH000420,TSK001150,0
VEH000083,TSK001150,0
VEH000024,TSK001150,0
VEH000025,TSK001150,1
VEH000280,TSK001150,1
VEH000523,TSK001150,1
VEH000080,TSK001184,1
VEH000323,TSK001184,0
VEH000340,TSK001184,0
VEH000520,TSK001184,1
VEH000379,TSK001184,0
VEH000328,TSK001184,1
VEH000346,TSK001184,1
VEH000305,TSK001184,1
VEH000060,TSK001184,0
VEH000272,TSK001184,1
VEH000352,TSK001184,1
VEH000045,TSK001184,1
VEH000361,TSK001184,1
VEH000257,TSK001184,0
VEH000421,TSK001184,0
VEH000337,TSK001184,1
VEH000248,TSK001184,1
VEH000402,TSK001184,1
VEH000064,TSK001184,1
VEH000459,TSK001184,1
VEH000484,TSK001184,0
VEH000455,TSK001184,1
VEH000373,TSK001184,0
VEH000516,TSK001184,1
VEH000091,TSK001184,1
VEH000011,TSK001184,0
VEH000277,TSK001184,1
VEH000089,TSK001184,1
VEH000288,TSK001184,1
VEH000377,TSK001184,1
VEH000231,TSK001184,0
VEH000092,TSK001184,1
VEH000263,TSK001184,1
VEH000047,TSK001184,1
VEH000095,TSK001184,0
VEH000440,TSK001184,1
VEH000427,TSK001184,1
VEH000031,TSK001184,1
VEH000309,TSK001184,1
VEH000094,TSK001184,1
VEH000003,TSK001184,1
VEH000318,TSK001184,1
VEH000499,TSK001184,1
VEH000388,TSK001184,1
VEH000397,TSK001184,1
VEH000218,TSK001184,1
VEH000467,TSK001184,1
VEH000100,TSK001184,1
VEH000275,TSK001184,0
VEH000065,TSK001184,1
VEH000299,TSK001184,0
VEH000533,TSK001184,1
VEH000416,TSK001184,1
VEH000058,TSK001184,0
VEH000301,TSK001184,1
VEH000034,TSK001184,1
VEH000043,TSK001184,1
VEH000517,TSK001184,1
VEH000307,TSK001184,0
VEH000422,TSK001184,1
VEH000281,TSK001184,1
VEH000354,TSK001184,1
VEH000386,TSK001184,1
VEH000324,TSK001184,1
VEH000251,TSK001184,1
VEH000313,TSK001184,1
VEH000477,TSK001184,1
VEH000478,TSK001184,1
VEH000265,TSK001184,1
VEH000221,TSK001184,1
VEH000068,TSK001184,1
VEH000431,TSK001184,1
VEH000071,TSK001184,1
VEH000521,TSK001184,1
VEH000053,TSK001184,0
VEH000269,TSK001184,1
VEH000336,TSK001184,1
VEH000341,TSK001184,1
VEH000261,TSK001184,1
VEH000042,TSK001184,0
VEH000353,TSK001184,1
VEH000308,TSK001184,1
VEH000296,TSK001184,1
VEH000078,TSK001184,1
VEH000511,TSK001184,1
VEH000529,TSK001184,1
VEH000220,TSK001184,1
VEH000037,TSK001184,1
VEH000367,TSK001184,1
VEH000368,TSK001184,1
VEH000411,TSK001184,1
VEH000085,TSK001184,0
VEH000098,TSK001184,1
VEH000395,TSK001184,1
VEH000420,TSK001184,1
VEH000083,TSK001184,0
VEH000024,TSK001184,0
VEH000025,TSK001184,1
VEH000280,TSK001184,1
VEH000523,TSK001184,1
VEH000080,TSK001232,1
VEH000323,TSK001232,1
VEH000340,TSK001232,1
VEH000520,TSK001232,1
VEH000379,TSK001232,1
VEH000328,TSK001232,1
VEH000346,TSK001232,1
VEH000305,TSK001232,0
VEH000060,TSK001232,1
VEH000272,TSK001232,0
VEH000352,TSK001232,1
VEH000045,TSK001232,1
VEH000361,TSK001232,1
VEH000257,TSK001232,1
VEH000421,TSK001232,1
VEH000337,TSK001232,1
VEH000248,TSK001232,1
VEH000402,TSK001232,1
VEH000064,TSK001232,1
VEH000459,TSK001232,1
VEH000484,TSK001232,1
VEH000455,TSK001232,1
VEH000373,TSK001232,1
VEH000516,TSK001232,1
VEH000091,TSK001232,1
VEH000011,TSK001232,1
VEH000277,TSK001232,0
VEH000089,TSK001232,1
VEH000288,TSK001232,1
VEH000377,TSK001232,1
VEH000231,TSK001232,1
VEH000092,TSK001232,1
VEH000263,TSK001232,1
VEH000047,TSK001232,1
VEH000095,TSK001232,1
VEH000440,TSK001232,1
VEH000427,TSK001232,0
VEH000031,TSK001232,0
VEH000309,TSK001232,0
VEH000094,TSK001232,1
VEH000003,TSK001232,1
VEH000318,TSK001232,1
VEH000499,TSK001232,0
VEH000388,TSK001232,1
VEH000397,TSK001232,1
VEH000218,TSK001232,1
VEH000467,TSK001232,1
VEH000100,TSK001232,1
VEH000275,TSK001232,0
VEH000065,TSK001232,1
VEH000299,TSK001232,0
VEH000533,TSK001232,1
VEH000416,TSK001232,1
VEH000058,TSK001232,1
VEH000301,TSK001232,1
VEH000034,TSK001232,1
VEH000043,TSK001232,1
VEH000517,TSK001232,0
VEH000307,TSK001232,1
VEH000422,TSK001232,1
VEH000281,TSK001232,0
VEH000354,TSK001232,1
VEH000386,TSK001232,0
VEH000324,TSK001232,1
VEH000251,TSK001232,0
VEH000313,TSK001232,1
VEH000477,TSK001232,0
VEH000478,TSK001232,1
VEH000265,TSK001232,0
VEH000221,TSK001232,1
VEH000068,TSK001232,1
VEH000431,TSK001232,1
VEH000071,TSK001232,1
VEH000521,TSK001232,1
VEH000053,TSK001232,1
VEH000269,TSK001232,1
VEH000336,TSK001232,1
VEH000341,TSK001232,1
VEH000261,TSK001232,1
VEH000042,TSK001232,0
VEH000353,TSK001232,1
VEH000308,TSK001232,1
VEH000296,TSK001232,0
VEH000078,TSK001232,1
VEH000511,TSK001232,1
VEH000529,TSK001232,1
VEH000220,TSK001232,1
VEH000037,TSK001232,1
VEH000367,TSK001232,1
VEH000368,TSK001232,1
VEH000411,TSK001232,1
VEH000085,TSK001232,0
VEH000098,TSK001232,1
VEH000395,TSK001232,0
VEH000420,TSK001232,0
VEH000083,TSK001232,1
VEH000024,TSK001232,1
VEH000025,TSK001232,1
VEH000280,TSK001232,1
VEH000523,TSK001232,1
VEH000080,TSK001244,1
VEH000323,TSK001244,1
VEH000340,TSK001244,1
VEH000520,TSK001244,1
VEH000379,TSK001244,1
VEH000328,TSK001244,1
VEH000346,TSK001244,1
VEH000305,TSK001244,1
VEH000060,TSK001244,1
VEH000272,TSK001244,1
VEH000352,TSK001244,1
VEH000045,TSK001244,1
VEH000361,TSK001244,1
VEH000257,TSK001244,1
VEH000421,TSK001244,1
VEH000337,TSK001244,0
VEH000248,TSK001244,1
VEH000402,TSK001244,1
VEH000064,TSK001244,1
VEH000459,TSK001244,1
VEH000484,TSK001244,1
VEH000455,TSK001244,0
VEH000373,TSK001244,1
VEH000516,TSK001244,1
VEH000091,TSK001244,1
VEH000011,TSK001244,0
VEH000277,TSK001244,1
VEH000089,TSK001244,1
VEH000288,TSK001244,0
VEH000377,TSK001244,1
VEH000231,TSK001244,1
VEH000092,TSK001244,1
VEH000263,TSK001244,1
VEH000047,TSK001244,1
VEH000095,TSK001244,0
VEH000440,TSK001244,1
VEH000427,TSK001244,1
VEH000031,TSK001244,1
VEH000309,TSK001244,0
VEH000094,TSK001244,0
VEH000003,TSK001244,1
VEH000318,TSK001244,1
VEH000499,TSK001244,1
VEH000388,TSK001244,1
VEH000397,TSK001244,0
VEH000218,TSK001244,1
VEH000467,TSK001244,1
VEH000100,TSK001244,1
VEH000275,TSK001244,1
VEH000065,TSK001244,1
VEH000299,TSK001244,1
VEH000533,TSK001244,1
VEH000416,TSK001244,1
VEH000058,TSK001244,1
VEH000301,TSK001244,1
VEH000034,TSK001244,1
VEH000043,TSK001244,1
VEH000517,TSK001244,1
VEH000307,TSK001244,0
VEH000422,TSK001244,1
VEH000281,TSK001244,0
VEH000354,TSK001244,0
VEH000386,TSK001244,1
VEH000324,TSK001244,1
VEH000251,TSK001244,1
VEH000313,TSK001244,1
VEH000477,TSK001244,0
VEH000478,TSK001244,1
VEH000265,TSK001244,1
VEH000221,TSK001244,1
VEH000068,TSK001244,0
VEH000431,TSK001244,1
VEH000071,TSK001244,1
VEH000521,TSK001244,1
VEH000053,TSK001244,0
VEH000269,TSK001244,1
VEH000336,TSK001244,1
VEH000341,TSK001244,1
VEH000261,TSK001244,1
VEH000042,TSK001244,1
VEH000353,TSK001244,0
VEH000308,TSK001244,1
VEH000296,TSK001244,1
VEH000078,TSK001244,1
VEH000511,TSK001244,0
VEH000529,TSK001244,0
VEH000220,TSK001244,0
VEH000037,TSK001244,1
VEH000367,TSK001244,1
VEH000368,TSK001244,1
VEH000411,TSK001244,1
VEH000085,TSK001244,1
VEH000098,TSK001244,1
VEH000395,TSK001244,1
VEH000420,TSK001244,1
VEH000083,TSK001244,1
VEH000024,TSK001244,0
VEH000025,TSK001244,0
VEH000280,TSK001244,1
VEH000523,TSK001244,1
VEH000080,TSK001260,1
VEH000323,TSK001260,0
VEH000340,TSK001260,0
VEH000520,TSK001260,1
VEH000379,TSK001260,1
VEH000328,TSK001260,1
VEH000346,TSK001260,1
VEH000305,TSK001260,0
VEH000060,TSK001260,1
VEH000272,TSK001260,1
VEH000352,TSK001260,1
VEH000045,TSK001260,0
VEH000361,TSK001260,1
VEH000257,TSK001260,1
VEH000421,TSK001260,1
VEH000337,TSK001260,1
VEH000248,TSK001260,1
VEH000402,TSK001260,1
VEH000064,TSK001260,1
VEH000459,TSK001260,1
VEH000484,TSK001260,1
VEH000455,TSK001260,1
VEH000373,TSK001260,1
VEH000516,TSK001260,1
VEH000091,TSK001260,1
VEH000011,TSK001260,1
VEH000277,TSK001260,1
VEH000089,TSK001260,1
VEH000288,TSK001260,1
VEH000377,TSK001260,1
VEH000231,TSK001260,1
VEH000092,TSK001260,0
VEH000263,TSK001260,0
VEH000047,TSK001260,0
VEH000095,TSK001260,1
VEH000440,TSK001260,1
VEH000427,TSK001260,1
VEH000031,TSK001260,1
VEH000309,TSK001260,1
VEH000094,TSK001260,1
VEH000003,TSK001260,0
VEH000318,TSK001260,1
VEH000499,TSK001260,1
VEH000388,TSK001260,1
VEH000397,TSK001260,1
VEH000218,TSK001260,1
VEH000467,TSK001260,1
VEH000100,TSK001260,0
VEH000275,TSK001260,1
VEH000065,TSK001260,1
VEH000299,TSK001260,1
VEH000533,TSK001260,1
VEH000416,TSK001260,1
VEH000058,TSK001260,1
VEH000301,TSK001260,0
VEH000034,TSK001260,1
VEH000043,TSK001260,0
VEH000517,TSK001260,1
VEH000307,TSK001260,1
VEH000422,TSK001260,1
VEH000281,TSK001260,1
VEH000354,TSK001260,1
VEH000386,TSK001260,0
VEH000324,TSK001260,1
VEH000251,TSK001260,1
VEH000313,TSK001260,0
VEH000477,TSK001260,0
VEH000478,TSK001260,1
VEH000265,TSK001260,1
VEH000221,TSK001260,1
VEH000068,TSK001260,1
VEH000431,TSK001260,1
VEH000071,TSK001260,1
VEH000521,TSK001260,1
VEH000053,TSK001260,1
VEH000269,TSK001260,1
VEH000336,TSK001260,1
VEH000341,TSK001260,1
VEH000261,TSK001260,1
VEH000042,TSK001260,1
VEH000353,TSK001260,1
VEH000308,TSK001260,1
VEH000296,TSK001260,1
VEH000078,TSK001260,1
VEH000511,TSK001260,0
VEH000529,TSK001260,0
VEH000220,TSK001260,1
VEH000037,TSK001260,1
VEH000367,TSK001260,0
VEH000368,TSK001260,0
VEH000411,TSK001260,1
VEH000085,TSK001260,1
VEH000098,TSK001260,0
VEH000395,TSK001260,1
VEH000420,TSK001260,1
VEH000083,TSK001260,0
VEH000024,TSK001260,1
VEH000025,TSK001260,1
VEH000280,TSK001260,1
VEH000523,TSK001260,1
VEH000080,TSK001270,1
VEH000323,TSK001270,1
VEH000340,TSK001270,1
VEH000520,TSK001270,1
VEH000379,TSK001270,1
VEH000328,TSK001270,0
VEH000346,TSK001270,1
VEH000305,TSK001270,1
VEH000060,TSK001270,1
VEH000272,TSK001270,1
VEH000352,TSK001270,0
VEH000045,TSK001270,0
VEH000361,TSK001270,1
VEH000257,TSK001270,0
VEH000421,TSK001270,1
VEH000337,TSK001270,1
VEH000248,TSK001270,1
VEH000402,TSK001270,1
VEH000064,TSK001270,1
VEH000459,TSK001270,1
VEH000484,TSK001270,0
VEH000455,TSK001270,1
VEH000373,TSK001270,1
VEH000516,TSK001270,1
VEH000091,TSK001270,1
VEH000011,TSK001270,1
VEH000277,TSK001270,1
VEH000089,TSK001270,1
VEH000288,TSK001270,1
VEH000377,TSK001270,1
VEH000231,TSK001270,0
VEH000092,TSK001270,1
VEH000263,TSK001270,1
VEH000047,TSK001270,1
VEH000095,TSK001270,1
VEH000440,TSK001270,1
VEH000427,TSK001270,1
VEH000031,TSK001270,1
VEH000309,TSK001270,1
VEH000094,TSK001270,1
VEH000003,TSK001270,1
VEH000318,TSK001270,0
VEH000499,TSK001270,1
VEH000388,TSK001270,1
VEH000397,TSK001270,1
VEH000218,TSK001270,1
VEH000467,TSK001270,1
VEH000100,TSK001270,1
VEH000275,TSK001270,1
VEH000065,TSK001270,0
VEH000299,TSK001270,0
VEH000533,TSK001270,1
VEH000416,TSK001270,1
VEH000058,TSK001270,1
VEH000301,TSK001270,1
VEH000034,TSK001270,0
VEH000043,TSK001270,1
VEH000517,TSK001270,1
VEH000307,TSK001270,0
VEH000422,TSK001270,1
VEH000281,TSK001270,1
VEH000354,TSK001270,0
VEH000386,TSK001270,1
VEH000324,TSK001270,1
VEH000251,TSK001270,1
VEH000313,TSK001270,1
VEH000477,TSK001270,1
VEH000478,TSK001270,1
VEH000265,TSK001270,1
VEH000221,TSK001270,1
VEH000068,TSK001270,0
VEH000431,TSK001270,1
VEH000071,TSK001270,1
VEH000521,TSK001270,1
VEH000053,TSK001270,0
VEH000269,TSK001270,1
VEH000336,TSK001270,0
VEH000341,TSK001270,1
VEH000261,TSK001270,1
VEH000042,TSK001270,0
VEH000353,TSK001270,1
VEH000308,TSK001270,1
VEH000296,TSK001270,1
VEH000078,TSK001270,1
VEH000511,TSK001270,0
VEH000529,TSK001270,1
VEH000220,TSK001270,1
VEH000037,TSK001270,1
VEH000367,TSK001270,0
VEH000368,TSK001270,1
VEH000411,TSK001270,1
VEH000085,TSK001270,1
VEH000098,TSK001270,1
VEH000395,TSK001270,1
VEH000420,TSK001270,1
VEH000083,TSK001270,1
VEH000024,TSK001270,0
VEH000025,TSK001270,1
VEH000280,TSK001270,0
VEH000523,TSK001270,1
VEH000080,TSK001307,1
VEH000323,TSK001307,1
VEH000340,TSK001307,0
VEH000520,TSK001307,1
VEH000379,TSK001307,0
VEH000328,TSK001307,1
VEH000346,TSK001307,1
VEH000305,TSK001307,0
VEH000060,TSK001307,1
VEH000272,TSK001307,1
VEH000352,TSK001307,1
VEH000045,TSK001307,1
VEH000361,TSK001307,1
VEH000257,TSK001307,1
VEH000421,TSK001307,1
VEH000337,TSK001307,0
VEH000248,TSK001307,1
VEH000402,TSK001307,1
VEH000064,TSK001307,1
VEH000459,TSK001307,0
VEH000484,TSK001307,1
VEH000455,TSK001307,1
VEH000373,TSK001307,1
VEH000516,TSK001307,1
VEH000091,TSK001307,1
VEH000011,TSK001307,0
VEH000277,TSK001307,1
VEH000089,TSK001307,1
VEH000288,TSK001307,1
VEH000377,TSK001307,1
VEH000231,TSK001307,1
VEH000092,TSK001307,1
VEH000263,TSK001307,1
VEH000047,TSK001307,1
VEH000095,TSK001307,1
VEH000440,TSK001307,0
VEH000427,TSK001307,0
VEH000031,TSK001307,0
VEH000309,TSK001307,1
VEH000094,TSK001307,1
VEH000003,TSK001307,1
VEH000318,TSK001307,1
VEH000499,TSK001307,1
VEH000388,TSK001307,1
VEH000397,TSK001307,1
VEH000218,TSK001307,1
VEH000467,TSK001307,0
VEH000100,TSK001307,1
VEH000275,TSK001307,1
VEH000065,TSK001307,1
VEH000299,TSK001307,1
VEH000533,TSK001307,1
VEH000416,TSK001307,1
VEH000058,TSK001307,1
VEH000301,TSK001307,1
VEH000034,TSK001307,1
VEH000043,TSK001307,1
VEH000517,TSK001307,1
VEH000307,TSK001307,1
VEH000422,TSK001307,0
VEH000281,TSK001307,1
VEH000354,TSK001307,1
VEH000386,TSK001307,1
VEH000324,TSK001307,1
VEH000251,TSK001307,1
VEH000313,TSK001307,0
VEH000477,TSK001307,1
VEH000478,TSK001307,0
VEH000265,TSK001307,1
VEH000221,TSK001307,1
VEH000068,TSK001307,1
VEH000431,TSK001307,1
VEH000071,TSK001307,1
VEH000521,TSK001307,0
VEH000053,TSK001307,1
VEH000269,TSK001307,1
VEH000336,TSK001307,0
VEH000341,TSK001307,1
VEH000261,TSK001307,1
VEH000042,TSK001307,1
VEH000353,TSK001307,1
VEH000308,TSK001307,1
VEH000296,TSK001307,0
VEH000078,TSK001307,1
VEH000511,TSK001307,1
VEH000529,TSK001307,1
VEH000220,TSK001307,0
VEH000037,TSK001307,0
VEH000367,TSK001307,1
VEH000368,TSK001307,1
VEH000411,TSK001307,1
VEH000085,TSK001307,0
VEH000098,TSK001307,1
VEH000395,TSK001307,1
VEH000420,TSK001307,0
VEH000083,TSK001307,1
VEH000024,TSK001307,1
VEH000025,TSK001307,1
VEH000280,TSK001307,1
VEH000523,TSK001307,1
VEH000080,TSK001333,1
VEH000323,TSK001333,1
VEH000340,TSK001333,1
VEH000520,TSK001333,1
VEH000379,TSK001333,1
VEH000328,TSK001333,0
VEH000346,TSK001333,0
VEH000305,TSK001333,1
VEH000060,TSK001333,0
VEH000272,TSK001333,0
VEH000352,TSK001333,1
VEH000045,TSK001333,1
VEH000361,TSK001333,1
VEH000257,TSK001333,1
VEH000421,TSK001333,1
VEH000337,TSK001333,1
VEH000248,TSK001333,1
VEH000402,TSK001333,1
VEH000064,TSK001333,1
VEH000459,TSK001333,1
VEH000484,TSK001333,1
VEH000455,TSK001333,1
VEH000373,TSK001333,1
VEH000516,TSK001333,1
VEH000091,TSK001333,0
VEH000011,TSK001333,0
VEH000277,TSK001333,1
VEH000089,TSK001333,1
VEH000288,TSK001333,1
VEH000377,TSK001333,1
VEH000231,TSK001333,1
VEH000092,TSK001333,1
VEH000263,TSK001333,1
VEH000047,TSK001333,1
VEH000095,TSK001333,0
VEH000440,TSK001333,1
VEH000427,TSK001333,1
VEH000031,TSK001333,1
VEH000309,TSK001333,1
VEH000094,TSK001333,1
VEH000003,TSK001333,0
VEH000318,TSK001333,1
VEH000499,TSK001333,1
VEH000388,TSK001333,0
VEH000397,TSK001333,1
VEH000218,TSK001333,1
VEH000467,TSK001333,1
VEH000100,TSK001333,1
VEH000275,TSK001333,1
VEH000065,TSK001333,1
VEH000299,TSK001333,1
VEH000533,TSK001333,1
VEH000416,TSK001333,1
VEH000058,TSK001333,1
VEH000301,TSK001333,0
VEH000034,TSK001333,1
VEH000043,TSK001333,1
VEH000517,TSK001333,1
VEH000307,TSK001333,1
VEH000422,TSK001333,0
VEH000281,TSK001333,1
VEH000354,TSK001333,1
VEH000386,TSK001333,1
VEH000324,TSK001333,1
VEH000251,TSK001333,1
VEH000313,TSK001333,0
VEH000477,TSK001333,0
VEH000478,TSK001333,1
VEH000265,TSK001333,1
VEH000221,TSK001333,1
VEH000068,TSK001333,1
VEH000431,TSK001333,1
VEH000071,TSK001333,1
VEH000521,TSK001333,1
VEH000053,TSK001333,0
VEH000269,TSK001333,1
VEH000336,TSK001333,1
VEH000341,TSK001333,1
VEH000261,TSK001333,1
VEH000042,TSK001333,1
VEH000353,TSK001333,0
VEH000308,TSK001333,0
VEH000296,TSK001333,1
VEH000078,TSK001333,1
VEH000511,TSK001333,0
VEH000529,TSK001333,1
VEH000220,TSK001333,0
VEH000037,TSK001333,1
VEH000367,TSK001333,0
VEH000368,TSK001333,1
VEH000411,TSK001333,1
VEH000085,TSK001333,1
VEH000098,TSK001333,1
VEH000395,TSK001333,1
VEH000420,TSK001333,1
VEH000083,TSK001333,1
VEH000024,TSK001333,1
VEH000025,TSK001333,1
VEH000280,TSK001333,1
VEH000523,TSK001333,0
VEH000080,TSK001336,1
VEH000323,TSK001336,1
VEH000340,TSK001336,1
VEH000520,TSK001336,1
VEH000379,TSK001336,0
VEH000328,TSK001336,0
VEH000346,TSK001336,1
VEH000305,TSK001336,1
VEH000060,TSK001336,1
VEH000272,TSK001336,1
VEH000352,TSK001336,1
VEH000045,TSK001336,1
VEH000361,TSK001336,1
VEH000257,TSK001336,1
VEH000421,TSK001336,1
VEH000337,TSK001336,1
VEH000248,TSK001336,0
VEH000402,TSK001336,1
VEH000064,TSK001336,1
VEH000459,TSK001336,1
VEH000484,TSK001336,1
VEH000455,TSK001336,1
VEH000373,TSK001336,0
VEH000516,TSK001336,1
VEH000091,TSK001336,1
VEH000011,TSK001336,1
VEH000277,TSK001336,1
VEH000089,TSK001336,1
VEH000288,TSK001336,1
VEH000377,TSK001336,1
VEH000231,TSK001336,1
VEH000092,TSK001336,1
VEH000263,TSK001336,1
VEH000047,TSK001336,1
VEH000095,TSK001336,1
VEH000440,TSK001336,1
VEH000427,TSK001336,1
VEH000031,TSK001336,1
VEH000309,TSK001336,1
VEH000094,TSK001336,1
VEH000003,TSK001336,1
VEH000318,TSK001336,1
VEH000499,TSK001336,0
VEH000388,TSK001336,1
VEH000397,TSK001336,1
VEH000218,TSK001336,0
VEH000467,TSK001336,1
VEH000100,TSK001336,1
VEH000275,TSK001336,0
VEH000065,TSK001336,0
VEH000299,TSK001336,1
VEH000533,TSK001336,0
VEH000416,TSK001336,1
VEH000058,TSK001336,1
VEH000301,TSK001336,1
VEH000034,TSK001336,1
VEH000043,TSK001336,1
VEH000517,TSK001336,1
VEH000307,TSK001336,0
VEH000422,TSK001336,1
VEH000281,TSK001336,1
VEH000354,TSK001336,1
VEH000386,TSK001336,0
VEH000324,TSK001336,1
VEH000251,TSK001336,1
VEH000313,TSK001336,1
VEH000477,TSK001336,1
VEH000478,TSK001336,0
VEH000265,TSK001336,0
VEH000221,TSK001336,1
VEH000068,TSK001336,1
VEH000431,TSK001336,0
VEH000071,TSK001336,1
VEH000521,TSK001336,1
VEH000053,TSK001336,1
VEH000269,TSK001336,1
VEH000336,TSK001336,1
VEH000341,TSK001336,1
VEH000261,TSK001336,1
VEH000042,TSK001336,1
VEH000353,TSK001336,0
VEH000308,TSK001336,1
VEH000296,TSK001336,1
VEH000078,TSK001336,1
VEH000511,TSK001336,1
VEH000529,TSK001336,1
VEH000220,TSK001336,0
VEH000037,TSK001336,1
VEH000367,TSK001336,1
VEH000368,TSK001336,0
VEH000411,TSK001336,1
VEH000085,TSK001336,1
VEH000098,TSK001336,1
VEH000395,TSK001336,0
VEH000420,TSK001336,1
VEH000083,TSK001336,1
VEH000024,TSK001336,1
VEH000025,TSK001336,0
VEH000280,TSK001336,1
VEH000523,TSK001336,0
VEH000080,TSK001365,1
VEH000323,TSK001365,1
VEH000340,TSK001365,1
VEH000520,TSK001365,1
VEH000379,TSK001365,0
VEH000328,TSK001365,1
VEH000346,TSK001365,1
VEH000305,TSK001365,1
VEH000060,TSK001365,1
VEH000272,TSK001365,1
VEH000352,TSK001365,1
VEH000045,TSK001365,1
VEH000361,TSK001365,1
VEH000257,TSK001365,1
VEH000421,TSK001365,1
VEH000337,TSK001365,0
VEH000248,TSK001365,1
VEH000402,TSK001365,1
VEH000064,TSK001365,1
VEH000459,TSK001365,1
VEH000484,TSK001365,0
VEH000455,TSK001365,1
VEH000373,TSK001365,1
VEH000516,TSK001365,1
VEH000091,TSK001365,0
VEH000011,TSK001365,0
VEH000277,TSK001365,1
VEH000089,TSK001365,1
VEH000288,TSK001365,1
VEH000377,TSK001365,1
VEH000231,TSK001365,1
VEH000092,TSK001365,1
VEH000263,TSK001365,1
VEH000047,TSK001365,1
VEH000095,TSK001365,1
VEH000440,TSK001365,1
VEH000427,TSK001365,1
VEH000031,TSK001365,1
VEH000309,TSK001365,1
VEH000094,TSK001365,1
VEH000003,TSK001365,1
VEH000318,TSK001365,1
VEH000499,TSK001365,1
VEH000388,TSK001365,0
VEH000397,TSK001365,0
VEH000218,TSK001365,1
VEH000467,TSK001365,0
VEH000100,TSK001365,1
VEH000275,TSK001365,1
VEH000065,TSK001365,1
VEH000299,TSK001365,0
VEH000533,TSK001365,0
VEH000416,TSK001365,1
VEH000058,TSK001365,0
VEH000301,TSK001365,1
VEH000034,TSK001365,0
VEH000043,TSK001365,1
VEH000517,TSK001365,1
VEH000307,TSK001365,1
VEH000422,TSK001365,0
VEH000281,TSK001365,1
VEH000354,TSK001365,1
VEH000386,TSK001365,1
VEH000324,TSK001365,1
VEH000251,TSK001365,1
VEH000313,TSK001365,0
VEH000477,TSK001365,1
VEH000478,TSK001365,1
VEH000265,TSK001365,1
VEH000221,TSK001365,1
VEH000068,TSK001365,0
VEH000431,TSK001365,1
VEH000071,TSK001365,1
VEH000521,TSK001365,1
VEH000053,TSK001365,1
VEH000269,TSK001365,1
VEH000336,TSK001365,1
VEH000341,TSK001365,1
VEH000261,TSK001365,1
VEH000042,TSK001365,1
VEH000353,TSK001365,1
VEH000308,TSK001365,1
VEH000296,TSK001365,1
VEH000078,TSK001365,1
VEH000511,TSK001365,1
VEH000529,TSK001365,1
VEH000220,TSK001365,0
VEH000037,TSK001365,0
VEH000367,TSK001365,1
VEH000368,TSK001365,1
VEH000411,TSK001365,0
VEH000085,TSK001365,1
VEH000098,TSK001365,1
VEH000395,TSK001365,1
VEH000420,TSK001365,0
VEH000083,TSK001365,0
VEH000024,TSK001365,1
VEH000025,TSK001365,1
VEH000280,TSK001365,1
VEH000523,TSK001365,1
VEH000080,TSK001447,1
VEH000323,TSK001447,1
VEH000340,TSK001447,0
VEH000520,TSK001447,1
VEH000379,TSK001447,1
VEH000328,TSK001447,1
VEH000346,TSK001447,1
VEH000305,TSK001447,1
VEH000060,TSK001447,0
VEH000272,TSK001447,1
VEH000352,TSK001447,1
VEH000045,TSK001447,1
VEH000361,TSK001447,1
VEH000257,TSK001447,1
VEH000421,TSK001447,1
VEH000337,TSK001447,1
VEH000248,TSK001447,1
VEH000402,TSK001447,1
VEH000064,TSK001447,1
VEH000459,TSK001447,1
VEH000484,TSK001447,1
VEH000455,TSK001447,1
VEH000373,TSK001447,1
VEH000516,TSK001447,1
VEH000091,TSK001447,0
VEH000011,TSK001447,1
VEH000277,TSK001447,1
VEH000089,TSK001447,1
VEH000288,TSK001447,1
VEH000377,TSK001447,1
VEH000231,TSK001447,0
VEH000092,TSK001447,0
VEH000263,TSK001447,0
VEH000047,TSK001447,1
VEH000095,TSK001447,1
VEH000440,TSK001447,1
VEH000427,TSK001447,0
VEH000031,TSK001447,1
VEH000309,TSK001447,1
VEH000094,TSK001447,1
VEH000003,TSK001447,1
VEH000318,TSK001447,1
VEH000499,TSK001447,1
VEH000388,TSK001447,0
VEH000397,TSK001447,1
VEH000218,TSK001447,1
VEH000467,TSK001447,1
VEH000100,TSK001447,1
VEH000275,TSK001447,1
VEH000065,TSK001447,1
VEH000299,TSK001447,0
VEH000533,TSK001447,0
VEH000416,TSK001447,1
VEH000058,TSK001447,1
VEH000301,TSK001447,1
VEH000034,TSK001447,1
VEH000043,TSK001447,1
VEH000517,TSK001447,0
VEH000307,TSK001447,1
VEH000422,TSK001447,1
VEH000281,TSK001447,0
VEH000354,TSK001447,0
VEH000386,TSK001447,1
VEH000324,TSK001447,1
VEH000251,TSK001447,1
VEH000313,TSK001447,1
VEH000477,TSK001447,1
VEH000478,TSK001447,1
VEH000265,TSK001447,0
VEH000221,TSK001447,1
VEH000068,TSK001447,1
VEH000431,TSK001447,1
VEH000071,TSK001447,1
VEH000521,TSK001447,1
VEH000053,TSK001447,1
VEH000269,TSK001447,1
VEH000336,TSK001447,1
VEH000341,TSK001447,1
VEH000261,TSK001447,1
VEH000042,TSK001447,1
VEH000353,TSK001447,1
VEH000308,TSK001447,1
VEH000296,TSK001447,1
VEH000078,TSK001447,1
VEH000511,TSK001447,1
VEH000529,TSK001447,1
VEH000220,TSK001447,1
VEH000037,TSK001447,0
VEH000367,TSK001447,1
VEH000368,TSK001447,1
VEH000411,TSK001447,0
VEH000085,TSK001447,0
VEH000098,TSK001447,0
VEH000395,TSK001447,1
VEH000420,TSK001447,1
VEH000083,TSK001447,1
VEH000024,TSK001447,1
VEH000025,TSK001447,1
VEH000280,TSK001447,0
VEH000523,TSK001447,0
VEH000080,TSK001469,1
VEH000323,TSK001469,1
VEH000340,TSK001469,1
VEH000520,TSK001469,0
VEH000379,TSK001469,1
VEH000328,TSK001469,1
VEH000346,TSK001469,1
VEH000305,TSK001469,1
VEH000060,TSK001469,1
VEH000272,TSK001469,1
VEH000352,TSK001469,1
VEH000045,TSK001469,1
VEH000361,TSK001469,1
VEH000257,TSK001469,1
VEH000421,TSK001469,1
VEH000337,TSK001469,1
VEH000248,TSK001469,0
VEH000402,TSK001469,1
VEH000064,TSK001469,1
VEH000459,TSK001469,1
VEH000484,TSK001469,1
VEH000455,TSK001469,1
VEH000373,TSK001469,1
VEH000516,TSK001469,0
VEH000091,TSK001469,0
VEH000011,TSK001469,1
VEH000277,TSK001469,1
VEH000089,TSK001469,1
VEH000288,TSK001469,1
VEH000377,TSK001469,1
VEH000231,TSK001469,1
VEH000092,TSK001469,0
VEH000263,TSK001469,1
VEH000047,TSK001469,1
VEH000095,TSK001469,1
VEH000440,TSK001469,1
VEH000427,TSK001469,1
VEH000031,TSK001469,0
VEH000309,TSK001469,0
VEH000094,TSK001469,1
VEH000003,TSK001469,0
VEH000318,TSK001469,1
VEH000499,TSK001469,1
VEH000388,TSK001469,1
VEH000397,TSK001469,1
VEH000218,TSK001469,1
VEH000467,TSK001469,1
VEH000100,TSK001469,1
VEH000275,TSK001469,1
VEH000065,TSK001469,1
VEH000299,TSK001469,0
VEH000533,TSK001469,1
VEH000416,TSK001469,1
VEH000058,TSK001469,1
VEH000301,TSK001469,1
VEH000034,TSK001469,1
VEH000043,TSK001469,1
VEH000517,TSK001469,1
VEH000307,TSK001469,1
VEH000422,TSK001469,0
VEH000281,TSK001469,1
VEH000354,TSK001469,0
VEH000386,TSK001469,0
VEH000324,TSK001469,1
VEH000251,TSK001469,1
VEH000313,TSK001469,1
VEH000477,TSK001469,0
VEH000478,TSK001469,1
VEH000265,TSK001469,1
VEH000221,TSK001469,1
VEH000068,TSK001469,1
VEH000431,TSK001469,1
VEH000071,TSK001469,1
VEH000521,TSK001469,1
VEH000053,TSK001469,0
VEH000269,TSK001469,1
VEH000336,TSK001469,1
VEH000341,TSK001469,0
VEH000261,TSK001469,1
VEH000042,TSK001469,1
VEH000353,TSK001469,0
VEH000308,TSK001469,1
VEH000296,TSK001469,1
VEH000078,TSK001469,1
VEH000511,TSK001469,0
VEH000529,TSK001469,0
VEH000220,TSK001469,1
VEH000037,TSK001469,1
VEH000367,TSK001469,1
VEH000368,TSK001469,1
VEH000411,TSK001469,0
VEH000085,TSK001469,1
VEH000098,TSK001469,1
VEH000395,TSK001469,1
VEH000420,TSK001469,1
VEH000083,TSK001469,0
VEH000024,TSK001469,1
VEH000025,TSK001469,1
VEH000280,TSK001469,1
VEH000523,TSK001469,1
VEH000080,TSK001519,0
VEH000323,TSK001519,1
VEH000340,TSK001519,0
VEH000520,TSK001519,0
VEH000379,TSK001519,1
VEH000328,TSK001519,1
VEH000346,TSK001519,1
VEH000305,TSK001519,0
VEH000060,TSK001519,1
VEH000272,TSK001519,1
VEH000352,TSK001519,1
VEH000045,TSK001519,0
VEH000361,TSK001519,1
VEH000257,TSK001519,1
VEH000421,TSK001519,1
VEH000337,TSK001519,1
VEH000248,TSK001519,1
VEH000402,TSK001519,1
VEH000064,TSK001519,1
VEH000459,TSK001519,0
VEH000484,TSK001519,1
VEH000455,TSK001519,1
VEH000373,TSK001519,1
VEH000516,TSK001519,1
VEH000091,TSK001519,1
VEH000011,TSK001519,1
VEH000277,TSK001519,1
VEH000089,TSK001519,1
VEH000288,TSK001519,0
VEH000377,TSK001519,1
VEH000231,TSK001519,1
VEH000092,TSK001519,1
VEH000263,TSK001519,1
VEH000047,TSK001519,0
VEH000095,TSK001519,1
VEH000440,TSK001519,1
VEH000427,TSK001519,1
VEH000031,TSK001519,1
VEH000309,TSK001519,1
VEH000094,TSK001519,1
VEH000003,TSK001519,1
VEH000318,TSK001519,1
VEH000499,TSK001519,1
VEH000388,TSK001519,1
VEH000397,TSK001519,1
VEH000218,TSK001519,0
VEH000467,TSK001519,1
VEH000100,TSK001519,1
VEH000275,TSK001519,0
VEH000065,TSK001519,0
VEH000299,TSK001519,1
VEH000533,TSK001519,1
VEH000416,TSK001519,1
VEH000058,TSK001519,1
VEH000301,TSK001519,1
VEH000034,TSK001519,1
VEH000043,TSK001519,1
VEH000517,TSK001519,0
VEH000307,TSK001519,1
VEH000422,TSK001519,1
VEH000281,TSK001519,1
VEH000354,TSK001519,1
VEH000386,TSK001519,1
VEH000324,TSK001519,1
VEH000251,TSK001519,1
VEH000313,TSK001519,0
VEH000477,TSK001519,1
VEH000478,TSK001519,1
VEH000265,TSK001519,1
VEH000221,TSK001519,1
VEH000068,TSK001519,1
VEH000431,TSK001519,0
VEH000071,TSK001519,1
VEH000521,TSK001519,1
VEH000053,TSK001519,1
VEH000269,TSK001519,1
VEH000336,TSK001519,0
VEH000341,TSK001519,0
VEH000261,TSK001519,1
VEH000042,TSK001519,1
VEH000353,TSK001519,1
VEH000308,TSK001519,1
VEH000296,TSK001519,1
VEH000078,TSK001519,0
VEH000511,TSK001519,0
VEH000529,TSK001519,1
VEH000220,TSK001519,1
VEH000037,TSK001519,0
VEH000367,TSK001519,1
VEH000368,TSK001519,1
VEH000411,TSK001519,1
VEH000085,TSK001519,1
VEH000098,TSK001519,1
VEH000395,TSK001519,1
VEH000420,TSK001519,1
VEH000083,TSK001519,1
VEH000024,TSK001519,1
VEH000025,TSK001519,1
VEH000280,TSK001519,0
VEH000523,TSK001519,1
VEH000080,TSK001522,1
VEH000323,TSK001522,0
VEH000340,TSK001522,1
VEH000520,TSK001522,1
VEH000379,TSK001522,1
VEH000328,TSK001522,1
VEH000346,TSK001522,1
VEH000305,TSK001522,1
VEH000060,TSK001522,1
VEH000272,TSK001522,0
VEH000352,TSK001522,1
VEH000045,TSK001522,1
VEH000361,TSK001522,1
VEH000257,TSK001522,0
VEH000421,TSK001522,0
VEH000337,TSK001522,1
VEH000248,TSK001522,1
VEH000402,TSK001522,0
VEH000064,TSK001522,1
VEH000459,TSK001522,0
VEH000484,TSK001522,1
VEH000455,TSK001522,1
VEH000373,TSK001522,1
VEH000516,TSK001522,1
VEH000091,TSK001522,1
VEH000011,TSK001522,1
VEH000277,TSK001522,1
VEH000089,TSK001522,1
VEH000288,TSK001522,1
VEH000377,TSK001522,1
VEH000231,TSK001522,1
VEH000092,TSK001522,0
VEH000263,TSK001522,0
VEH000047,TSK001522,1
VEH000095,TSK001522,1
VEH000440,TSK001522,0
VEH000427,TSK001522,1
VEH000031,TSK001522,1
VEH000309,TSK001522,1
VEH000094,TSK001522,1
VEH000003,TSK001522,1
VEH000318,TSK001522,1
VEH000499,TSK001522,0
VEH000388,TSK001522,1
VEH000397,TSK001522,1
VEH000218,TSK001522,1
VEH000467,TSK001522,1
VEH000100,TSK001522,1
VEH000275,TSK001522,0
VEH000065,TSK001522,1
VEH000299,TSK001522,1
VEH000533,TSK001522,1
VEH000416,TSK001522,1
VEH000058,TSK001522,1
VEH000301,TSK001522,1
VEH000034,TSK001522,1
VEH000043,TSK001522,1
VEH000517,TSK001522,0
VEH000307,TSK001522,1
VEH000422,TSK001522,1
VEH000281,TSK001522,1
VEH000354,TSK001522,1
VEH000386,TSK001522,1
VEH000324,TSK001522,1
VEH000251,TSK001522,1
VEH000313,TSK001522,0
VEH000477,TSK001522,1
VEH000478,TSK001522,1
VEH000265,TSK001522,0
VEH000221,TSK001522,1
VEH000068,TSK001522,1
VEH000431,TSK001522,1
VEH000071,TSK001522,1
VEH000521,TSK001522,1
VEH000053,TSK001522,0
VEH000269,TSK001522,1
VEH000336,TSK001522,1
VEH000341,TSK001522,1
VEH000261,TSK001522,1
VEH000042,TSK001522,0
VEH000353,TSK001522,0
VEH000308,TSK001522,1
VEH000296,TSK001522,1
VEH000078,TSK001522,1
VEH000511,TSK001522,1
VEH000529,TSK001522,1
VEH000220,TSK001522,0
VEH000037,TSK001522,1
VEH000367,TSK001522,1
VEH000368,TSK001522,1
VEH000411,TSK001522,1
VEH000085,TSK001522,1
VEH000098,TSK001522,1
VEH000395,TSK001522,1
VEH000420,TSK001522,1
VEH000083,TSK001522,0
VEH000024,TSK001522,1
VEH000025,TSK001522,1
VEH000280,TSK001522,1
VEH000523,TSK001522,0
VEH000080,TSK001543,0
VEH000323,TSK001543,1
VEH000340,TSK001543,1
VEH000520,TSK001543,1
VEH000379,TSK001543,1
VEH000328,TSK001543,1
VEH000346,TSK001543,1
VEH000305,TSK001543,0
VEH000060,TSK001543,1
VEH000272,TSK001543,1
VEH000352,TSK001543,1
VEH000045,TSK001543,1
VEH000361,TSK001543,1
VEH000257,TSK001543,1
VEH000421,TSK001543,1
VEH000337,TSK001543,1
VEH000248,TSK001543,1
VEH000402,TSK001543,1
VEH000064,TSK001543,1
VEH000459,TSK001543,0
VEH000484,TSK001543,0
VEH000455,TSK001543,1
VEH000373,TSK001543,1
VEH000516,TSK001543,1
VEH000091,TSK001543,1
VEH000011,TSK001543,1
VEH000277,TSK001543,1
VEH000089,TSK001543,1
VEH000288,TSK001543,1
VEH000377,TSK001543,1
VEH000231,TSK001543,1
VEH000092,TSK001543,1
VEH000263,TSK001543,1
VEH000047,TSK001543,1
VEH000095,TSK001543,1
VEH000440,TSK001543,1
VEH000427,TSK001543,0
VEH000031,TSK001543,1
VEH000309,TSK001543,1
VEH000094,TSK001543,1
VEH000003,TSK001543,1
VEH000318,TSK001543,0
VEH000499,TSK001543,1
VEH000388,TSK001543,0
VEH000397,TSK001543,1
VEH000218,TSK001543,1
VEH000467,TSK001543,0
VEH000100,TSK001543,1
VEH000275,TSK001543,1
VEH000065,TSK001543,1
VEH000299,TSK001543,0
VEH000533,TSK001543,1
VEH000416,TSK001543,0
VEH000058,TSK001543,1
VEH000301,TSK001543,1
VEH000034,TSK001543,1
VEH000043,TSK001543,1
VEH000517,TSK001543,1
VEH000307,TSK001543,1
VEH000422,TSK001543,1
VEH000281,TSK001543,1
VEH000354,TSK001543,1
VEH000386,TSK001543,1
VEH000324,TSK001543,0
VEH000251,TSK001543,0
VEH000313,TSK001543,1
VEH000477,TSK001543,0
VEH000478,TSK001543,1
VEH000265,TSK001543,1
VEH000221,TSK001543,1
VEH000068,TSK001543,1
VEH000431,TSK001543,1
VEH000071,TSK001543,1
VEH000521,TSK001543,1
VEH000053,TSK001543,1
VEH000269,TSK001543,1
VEH000336,TSK001543,0
VEH000341,TSK001543,1
VEH000261,TSK001543,1
VEH000042,TSK001543,0
VEH000353,TSK001543,1
VEH000308,TSK001543,0
VEH000296,TSK001543,1
VEH000078,TSK001543,0
VEH000511,TSK001543,1
VEH000529,TSK001543,1
VEH000220,TSK001543,0
VEH000037,TSK001543,1
VEH000367,TSK001543,0
VEH000368,TSK001543,1
VEH000411,TSK001543,1
VEH000085,TSK001543,0
VEH000098,TSK001543,1
VEH000395,TSK001543,1
VEH000420,TSK001543,1
VEH000083,TSK001543,1
VEH000024,TSK001543,1
VEH000025,TSK001543,1
VEH000280,TSK001543,1
VEH000523,TSK001543,1
VEH000080,TSK001554,1
VEH000323,TSK001554,1
VEH000340,TSK001554,1
VEH000520,TSK001554,1
VEH000379,TSK001554,1
VEH000328,TSK001554,1
VEH000346,TSK001554,1
VEH000305,TSK001554,1
VEH000060,TSK001554,1
VEH000272,TSK001554,0
VEH000352,TSK001554,1
VEH000045,TSK001554,1
VEH000361,TSK001554,1
VEH000257,TSK001554,1
VEH000421,TSK001554,1
VEH000337,TSK001554,1
VEH000248,TSK001554,1
VEH000402,TSK001554,1
VEH000064,TSK001554,1
VEH000459,TSK001554,1
VEH000484,TSK001554,1
VEH000455,TSK001554,1
VEH000373,TSK001554,1
VEH000516,TSK001554,1
VEH000091,TSK001554,1
VEH000011,TSK001554,0
VEH000277,TSK001554,1
VEH000089,TSK001554,1
VEH000288,TSK001554,1
VEH000377,TSK001554,1
VEH000231,TSK001554,1
VEH000092,TSK001554,1
VEH000263,TSK001554,1
VEH000047,TSK001554,1
VEH000095,TSK001554,1
VEH000440,TSK001554,1
VEH000427,TSK001554,0
VEH000031,TSK001554,1
VEH000309,TSK001554,1
VEH000094,TSK001554,1
VEH000003,TSK001554,1
VEH000318,TSK001554,1
VEH000499,TSK001554,1
VEH000388,TSK001554,0
VEH000397,TSK001554,1
VEH000218,TSK001554,1
VEH000467,TSK001554,1
VEH000100,TSK001554,1
VEH000275,TSK001554,1
VEH000065,TSK001554,0
VEH000299,TSK001554,1
VEH000533,TSK001554,0
VEH000416,TSK001554,1
VEH000058,TSK001554,0
VEH000301,TSK001554,1
VEH000034,TSK001554,1
VEH000043,TSK001554,1
VEH000517,TSK001554,1
VEH000307,TSK001554,1
VEH000422,TSK001554,1
VEH000281,TSK001554,0
VEH000354,TSK001554,0
VEH000386,TSK001554,1
VEH000324,TSK001554,0
VEH000251,TSK001554,0
VEH000313,TSK001554,0
VEH000477,TSK001554,1
VEH000478,TSK001554,1
VEH000265,TSK001554,1
VEH000221,TSK001554,1
VEH000068,TSK001554,0
VEH000431,TSK001554,1
VEH000071,TSK001554,1
VEH000521,TSK001554,1
VEH000053,TSK001554,1
VEH000269,TSK001554,1
VEH000336,TSK001554,1
VEH000341,TSK001554,1
VEH000261,TSK001554,0
VEH000042,TSK001554,0
VEH000353,TSK001554,0
VEH000308,TSK001554,0
VEH000296,TSK001554,1
VEH000078,TSK001554,1
VEH000511,TSK001554,1
VEH000529,TSK001554,1
VEH000220,TSK001554,0
VEH000037,TSK001554,1
VEH000367,TSK001554,1
VEH000368,TSK001554,1
VEH000411,TSK001554,1
VEH000085,TSK001554,0
VEH000098,TSK001554,1
VEH000395,TSK001554,0
VEH000420,TSK001554,1
VEH000083,TSK001554,1
VEH000024,TSK001554,1
VEH000025,TSK001554,1
VEH000280,TSK001554,1
VEH000523,TSK001554,1
VEH000080,TSK001592,1
VEH000323,TSK001592,1
VEH000340,TSK001592,1
VEH000520,TSK001592,1
VEH000379,TSK001592,1
VEH000328,TSK001592,1
VEH000346,TSK001592,1
VEH000305,TSK001592,1
VEH000060,TSK001592,1
VEH000272,TSK001592,0
VEH000352,TSK001592,0
VEH000045,TSK001592,1
VEH000361,TSK001592,1
VEH000257,TSK001592,0
VEH000421,TSK001592,1
VEH000337,TSK001592,1
VEH000248,TSK001592,1
VEH000402,TSK001592,1
VEH000064,TSK001592,1
VEH000459,TSK001592,1
VEH000484,TSK001592,0
VEH000455,TSK001592,1
VEH000373,TSK001592,0
VEH000516,TSK001592,0
VEH000091,TSK001592,1
VEH000011,TSK001592,1
VEH000277,TSK001592,1
VEH000089,TSK001592,1
VEH000288,TSK001592,1
VEH000377,TSK001592,1
VEH000231,TSK001592,1
VEH000092,TSK001592,1
VEH000263,TSK001592,1
VEH000047,TSK001592,1
VEH000095,TSK001592,1
VEH000440,TSK001592,1
VEH000427,TSK001592,1
VEH000031,TSK001592,1
VEH000309,TSK001592,1
VEH000094,TSK001592,1
VEH000003,TSK001592,1
VEH000318,TSK001592,0
VEH000499,TSK001592,0
VEH000388,TSK001592,1
VEH000397,TSK001592,1
VEH000218,TSK001592,1
VEH000467,TSK001592,1
VEH000100,TSK001592,1
VEH000275,TSK001592,1
VEH000065,TSK001592,1
VEH000299,TSK001592,0
VEH000533,TSK001592,1
VEH000416,TSK001592,1
VEH000058,TSK001592,1
VEH000301,TSK001592,1
VEH000034,TSK001592,1
VEH000043,TSK001592,1
VEH000517,TSK001592,1
VEH000307,TSK001592,0
VEH000422,TSK001592,1
VEH000281,TSK001592,1
VEH000354,TSK001592,1
VEH000386,TSK001592,1
VEH000324,TSK001592,1
VEH000251,TSK001592,0
VEH000313,TSK001592,0
VEH000477,TSK001592,0
VEH000478,TSK001592,0
VEH000265,TSK001592,0
VEH000221,TSK001592,1
VEH000068,TSK001592,0
VEH000431,TSK001592,1
VEH000071,TSK001592,1
VEH000521,TSK001592,1
VEH000053,TSK001592,1
VEH000269,TSK001592,1
VEH000336,TSK001592,1
VEH000341,TSK001592,1
VEH000261,TSK001592,1
VEH000042,TSK001592,1
VEH000353,TSK001592,1
VEH000308,TSK001592,1
VEH000296,TSK001592,1
VEH000078,TSK001592,1
VEH000511,TSK001592,1
VEH000529,TSK001592,0
VEH000220,TSK001592,1
VEH000037,TSK001592,0
VEH000367,TSK001592,1
VEH000368,TSK001592,1
VEH000411,TSK001592,1
VEH000085,TSK001592,1
VEH000098,TSK001592,1
VEH000395,TSK001592,1
VEH000420,TSK001592,1
VEH000083,TSK001592,1
VEH000024,TSK001592,1
VEH000025,TSK001592,0
VEH000280,TSK001592,1
VEH000523,TSK001592,0
VEH000080,TSK001684,1
VEH000323,TSK001684,1
VEH000340,TSK001684,1
VEH000520,TSK001684,1
VEH000379,TSK001684,1
VEH000328,TSK001684,1
VEH000346,TSK001684,1
VEH000305,TSK001684,1
VEH000060,TSK001684,0
VEH000272,TSK001684,0
VEH000352,TSK001684,1
VEH000045,TSK001684,1
VEH000361,TSK001684,1
VEH000257,TSK001684,1
VEH000421,TSK001684,1
VEH000337,TSK001684,1
VEH000248,TSK001684,1
VEH000402,TSK001684,0
VEH000064,TSK001684,1
VEH000459,TSK001684,1
VEH000484,TSK001684,1
VEH000455,TSK001684,1
VEH000373,TSK001684,1
VEH000516,TSK001684,1
VEH000091,TSK001684,1
VEH000011,TSK001684,1
VEH000277,TSK001684,1
VEH000089,TSK001684,1
VEH000288,TSK001684,1
VEH000377,TSK001684,1
VEH000231,TSK001684,1
VEH000092,TSK001684,1
VEH000263,TSK001684,1
VEH000047,TSK001684,1
VEH000095,TSK001684,0
VEH000440,TSK001684,1
VEH000427,TSK001684,1
VEH000031,TSK001684,1
VEH000309,TSK001684,0
VEH000094,TSK001684,1
VEH000003,TSK001684,1
VEH000318,TSK001684,1
VEH000499,TSK001684,1
VEH000388,TSK001684,1
VEH000397,TSK001684,1
VEH000218,TSK001684,1
VEH000467,TSK001684,1
VEH000100,TSK001684,1
VEH000275,TSK001684,0
VEH000065,TSK001684,0
VEH000299,TSK001684,1
VEH000533,TSK001684,1
VEH000416,TSK001684,1
VEH000058,TSK001684,1
VEH000301,TSK001684,1
VEH000034,TSK001684,0
VEH000043,TSK001684,0
VEH000517,TSK001684,1
VEH000307,TSK001684,1
VEH000422,TSK001684,1
VEH000281,TSK001684,1
VEH000354,TSK001684,1
VEH000386,TSK001684,0
VEH000324,TSK001684,1
VEH000251,TSK001684,1
VEH000313,TSK001684,1
VEH000477,TSK001684,1
VEH000478,TSK001684,1
VEH000265,TSK001684,1
VEH000221,TSK001684,1
VEH000068,TSK001684,1
VEH000431,TSK001684,1
VEH000071,TSK001684,0
VEH000521,TSK001684,0
VEH000053,TSK001684,1
VEH000269,TSK001684,1
VEH000336,TSK001684,0
VEH000341,TSK001684,0
VEH000261,TSK001684,1
VEH000042,TSK001684,0
VEH000353,TSK001684,1
VEH000308,TSK001684,0
VEH000296,TSK001684,1
VEH000078,TSK001684,1
VEH000511,TSK001684,1
VEH000529,TSK001684,1
VEH000220,TSK001684,1
VEH000037,TSK001684,1
VEH000367,TSK001684,1
VEH000368,TSK001684,1
VEH000411,TSK001684,0
VEH000085,TSK001684,1
VEH000098,TSK001684,1
VEH000395,TSK001684,1
VEH000420,TSK001684,0
VEH000083,TSK001684,0
VEH000024,TSK001684,0
VEH000025,TSK001684,1
VEH000280,TSK001684,1
VEH000523,TSK001684,1
VEH000080,TSK001757,1
VEH000323,TSK001757,1
VEH000340,TSK001757,1
VEH000520,TSK001757,0
VEH000379,TSK001757,1
VEH000328,TSK001757,1
VEH000346,TSK001757,1
VEH000305,TSK001757,1
VEH000060,TSK001757,1
VEH000272,TSK001757,1
VEH000352,TSK001757,1
VEH000045,TSK001757,1
VEH000361,TSK001757,0
VEH000257,TSK001757,1
VEH000421,TSK001757,1
VEH000337,TSK001757,1
VEH000248,TSK001757,0
VEH000402,TSK001757,0
VEH000064,TSK001757,1
VEH000459,TSK001757,1
VEH000484,TSK001757,0
VEH000455,TSK001757,1
VEH000373,TSK001757,1
VEH000516,TSK001757,1
VEH000091,TSK001757,1
VEH000011,TSK001757,0
VEH000277,TSK001757,1
VEH000089,TSK001757,1
VEH000288,TSK001757,1
VEH000377,TSK001757,1
VEH000231,TSK001757,1
VEH000092,TSK001757,1
VEH000263,TSK001757,1
VEH000047,TSK001757,1
VEH000095,TSK001757,1
VEH000440,TSK001757,1
VEH000427,TSK001757,1
VEH000031,TSK001757,1
VEH000309,TSK001757,1
VEH000094,TSK001757,0
VEH000003,TSK001757,1
VEH000318,TSK001757,0
VEH000499,TSK001757,1
VEH000388,TSK001757,1
VEH000397,TSK001757,1
VEH000218,TSK001757,1
VEH000467,TSK001757,1
VEH000100,TSK001757,1
VEH000275,TSK001757,1
VEH000065,TSK001757,0
VEH000299,TSK001757,1
VEH000533,TSK001757,1
VEH000416,TSK001757,1
VEH000058,TSK001757,1
VEH000301,TSK001757,0
VEH000034,TSK001757,0
VEH000043,TSK001757,1
VEH000517,TSK001757,1
VEH000307,TSK001757,1
VEH000422,TSK001757,1
VEH000281,TSK001757,1
VEH000354,TSK001757,1
VEH000386,TSK001757,0
VEH000324,TSK001757,0
VEH000251,TSK001757,1
VEH000313,TSK001757,0
VEH000477,TSK001757,1
VEH000478,TSK001757,1
VEH000265,TSK001757,1
VEH000221,TSK001757,1
VEH000068,TSK001757,1
VEH000431,TSK001757,1
VEH000071,TSK001757,1
VEH000521,TSK001757,1
VEH000053,TSK001757,1
VEH000269,TSK001757,1
VEH000336,TSK001757,1
VEH000341,TSK001757,1
VEH000261,TSK001757,1
VEH000042,TSK001757,0
VEH000353,TSK001757,1
VEH000308,TSK001757,0
VEH000296,TSK001757,1
VEH000078,TSK001757,1
VEH000511,TSK001757,1
VEH000529,TSK001757,0
VEH000220,TSK001757,1
VEH000037,TSK001757,0
VEH000367,TSK001757,1
VEH000368,TSK001757,1
VEH000411,TSK001757,1
VEH000085,TSK001757,1
VEH000098,TSK001757,0
VEH000395,TSK001757,0
VEH000420,TSK001757,1
VEH000083,TSK001757,1
VEH000024,TSK001757,1
VEH000025,TSK001757,1
VEH000280,TSK001757,1
VEH000523,TSK001757,1
VEH000080,TSK001834,1
VEH000323,TSK001834,1
VEH000340,TSK001834,1
VEH000520,TSK001834,1
VEH000379,TSK001834,1
VEH000328,TSK001834,0
VEH000346,TSK001834,1
VEH000305,TSK001834,0
VEH000060,TSK001834,1
VEH000272,TSK001834,1
VEH000352,TSK001834,1
VEH000045,TSK001834,1
VEH000361,TSK001834,1
VEH000257,TSK001834,1
VEH000421,TSK001834,1
VEH000337,TSK001834,1
VEH000248,TSK001834,1
VEH000402,TSK001834,0
VEH000064,TSK001834,1
VEH000459,TSK001834,0
VEH000484,TSK001834,1
VEH000455,TSK001834,1
VEH000373,TSK001834,1
VEH000516,TSK001834,1
VEH000091,TSK001834,1
VEH000011,TSK001834,0
VEH000277,TSK001834,1
VEH000089,TSK001834,1
VEH000288,TSK001834,0
VEH000377,TSK001834,1
VEH000231,TSK001834,1
VEH000092,TSK001834,1
VEH000263,TSK001834,0
VEH000047,TSK001834,1
VEH000095,TSK001834,0
VEH000440,TSK001834,1
VEH000427,TSK001834,1
VEH000031,TSK001834,0
VEH000309,TSK001834,1
VEH000094,TSK001834,1
VEH000003,TSK001834,1
VEH000318,TSK001834,1
VEH000499,TSK001834,1
VEH000388,TSK001834,1
VEH000397,TSK001834,1
VEH000218,TSK001834,1
VEH000467,TSK001834,1
VEH000100,TSK001834,0
VEH000275,TSK001834,1
VEH000065,TSK001834,1
VEH000299,TSK001834,1
VEH000533,TSK001834,1
VEH000416,TSK001834,1
VEH000058,TSK001834,1
VEH000301,TSK001834,1
VEH000034,TSK001834,0
VEH000043,TSK001834,1
VEH000517,TSK001834,1
VEH000307,TSK001834,1
VEH000422,TSK001834,1
VEH000281,TSK001834,1
VEH000354,TSK001834,1
VEH000386,TSK001834,1
VEH000324,TSK001834,1
VEH000251,TSK001834,1
VEH000313,TSK001834,0
VEH000477,TSK001834,1
VEH000478,TSK001834,1
VEH000265,TSK001834,1
VEH000221,TSK001834,1
VEH000068,TSK001834,1
VEH000431,TSK001834,1
VEH000071,TSK001834,0
VEH000521,TSK001834,0
VEH000053,TSK001834,1
VEH000269,TSK001834,1
VEH000336,TSK001834,0
VEH000341,TSK001834,1
VEH000261,TSK001834,1
VEH000042,TSK001834,1
VEH000353,TSK001834,1
VEH000308,TSK001834,1
VEH000296,TSK001834,1
VEH000078,TSK001834,1
VEH000511,TSK001834,0
VEH000529,TSK001834,1
VEH000220,TSK001834,0
VEH000037,TSK001834,1
VEH000367,TSK001834,1
VEH000368,TSK001834,0
VEH000411,TSK001834,0
VEH000085,TSK001834,1
VEH000098,TSK001834,1
VEH000395,TSK001834,1
VEH000420,TSK001834,1
VEH000083,TSK001834,1
VEH000024,TSK001834,1
VEH000025,TSK001834,0
VEH000280,TSK001834,1
VEH000523,TSK001834,1
VEH000080,TSK001893,1
VEH000323,TSK001893,1
VEH000340,TSK001893,0
VEH000520,TSK001893,1
VEH000379,TSK001893,1
VEH000328,TSK001893,1
VEH000346,TSK001893,1
VEH000305,TSK001893,1
VEH000060,TSK001893,1
VEH000272,TSK001893,1
VEH000352,TSK001893,1
VEH000045,TSK001893,1
VEH000361,TSK001893,1
VEH000257,TSK001893,1
VEH000421,TSK001893,0
VEH000337,TSK001893,1
VEH000248,TSK001893,1
VEH000402,TSK001893,1
VEH000064,TSK001893,1
VEH000459,TSK001893,1
VEH000484,TSK001893,0
VEH000455,TSK001893,1
VEH000373,TSK001893,1
VEH000516,TSK001893,1
VEH000091,TSK001893,1
VEH000011,TSK001893,1
VEH000277,TSK001893,1
VEH000089,TSK001893,0
VEH000288,TSK001893,1
VEH000377,TSK001893,1
VEH000231,TSK001893,1
VEH000092,TSK001893,1
VEH000263,TSK001893,1
VEH000047,TSK001893,0
VEH000095,TSK001893,1
VEH000440,TSK001893,1
VEH000427,TSK001893,0
VEH000031,TSK001893,1
VEH000309,TSK001893,1
VEH000094,TSK001893,1
VEH000003,TSK001893,0
VEH000318,TSK001893,0
VEH000499,TSK001893,1
VEH000388,TSK001893,1
VEH000397,TSK001893,1
VEH000218,TSK001893,1
VEH000467,TSK001893,1
VEH000100,TSK001893,1
VEH000275,TSK001893,1
VEH000065,TSK001893,1
VEH000299,TSK001893,1
VEH000533,TSK001893,1
VEH000416,TSK001893,0
VEH000058,TSK001893,1
VEH000301,TSK001893,0
VEH000034,TSK001893,1
VEH000043,TSK001893,1
VEH000517,TSK001893,0
VEH000307,TSK001893,0
VEH000422,TSK001893,1
VEH000281,TSK001893,1
VEH000354,TSK001893,1
VEH000386,TSK001893,1
VEH000324,TSK001893,0
VEH000251,TSK001893,1
VEH000313,TSK001893,1
VEH000477,TSK001893,0
VEH000478,TSK001893,1
VEH000265,TSK001893,1
VEH000221,TSK001893,1
VEH000068,TSK001893,1
VEH000431,TSK001893,1
VEH000071,TSK001893,1
VEH000521,TSK001893,0
VEH000053,TSK001893,1
VEH000269,TSK001893,0
VEH000336,TSK001893,1
VEH000341,TSK001893,0
VEH000261,TSK001893,1
VEH000042,TSK001893,1
VEH000353,TSK001893,1
VEH000308,TSK001893,1
VEH000296,TSK001893,1
VEH000078,TSK001893,1
VEH000511,TSK001893,1
VEH000529,TSK001893,1
VEH000220,TSK001893,0
VEH000037,TSK001893,1
VEH000367,TSK001893,1
VEH000368,TSK001893,1
VEH000411,TSK001893,0
VEH000085,TSK001893,1
VEH000098,TSK001893,1
VEH000395,TSK001893,1
VEH000420,TSK001893,1
VEH000083,TSK001893,1
VEH000024,TSK001893,1
VEH000025,TSK001893,0
VEH000280,TSK001893,1
VEH000523,TSK001893,1
VEH000080,TSK001899,1
VEH000323,TSK001899,1
VEH000340,TSK001899,0
VEH000520,TSK001899,1
VEH000379,TSK001899,1
VEH000328,TSK001899,1
VEH000346,TSK001899,1
VEH000305,TSK001899,1
VEH000060,TSK001899,1
VEH000272,TSK001899,1
VEH000352,TSK001899,1
VEH000045,TSK001899,1
VEH000361,TSK001899,1
VEH000257,TSK001899,0
VEH000421,TSK001899,1
VEH000337,TSK001899,0
VEH000248,TSK001899,1
VEH000402,TSK001899,1
VEH000064,TSK001899,1
VEH000459,TSK001899,0
VEH000484,TSK001899,1
VEH000455,TSK001899,0
VEH000373,TSK001899,1
VEH000516,TSK001899,1
VEH000091,TSK001899,1
VEH000011,TSK001899,0
VEH000277,TSK001899,0
VEH000089,TSK001899,1
VEH000288,TSK001899,1
VEH000377,TSK001899,1
VEH000231,TSK001899,1
VEH000092,TSK001899,1
VEH000263,TSK001899,1
VEH000047,TSK001899,1
VEH000095,TSK001899,0
VEH000440,TSK001899,1
VEH000427,TSK001899,1
VEH000031,TSK001899,1
VEH000309,TSK001899,1
VEH000094,TSK001899,0
VEH000003,TSK001899,1
VEH000318,TSK001899,1
VEH000499,TSK001899,1
VEH000388,TSK001899,1
VEH000397,TSK001899,1
VEH000218,TSK001899,1
VEH000467,TSK001899,1
VEH000100,TSK001899,1
VEH000275,TSK001899,1
VEH000065,TSK001899,1
VEH000299,TSK001899,0
VEH000533,TSK001899,1
VEH000416,TSK001899,0
VEH000058,TSK001899,1
VEH000301,TSK001899,1
VEH000034,TSK001899,1
VEH000043,TSK001899,1
VEH000517,TSK001899,1
VEH000307,TSK001899,1
VEH000422,TSK001899,1
VEH000281,TSK001899,1
VEH000354,TSK001899,1
VEH000386,TSK001899,1
VEH000324,TSK001899,1
VEH000251,TSK001899,1
VEH000313,TSK001899,1
VEH000477,TSK001899,1
VEH000478,TSK001899,0
VEH000265,TSK001899,1
VEH000221,TSK001899,0
VEH000068,TSK001899,1
VEH000431,TSK001899,1
VEH000071,TSK001899,1
VEH000521,TSK001899,1
VEH000053,TSK001899,1
VEH000269,TSK001899,0
VEH000336,TSK001899,0
VEH000341,TSK001899,0
VEH000261,TSK001899,1
VEH000042,TSK001899,1
VEH000353,TSK001899,1
VEH000308,TSK001899,1
VEH000296,TSK001899,0
VEH000078,TSK001899,0
VEH000511,TSK001899,1
VEH000529,TSK001899,1
VEH000220,TSK001899,1
VEH000037,TSK001899,1
VEH000367,TSK001899,1
VEH000368,TSK001899,1
VEH000411,TSK001899,1
VEH000085,TSK001899,1
VEH000098,TSK001899,1
VEH000395,TSK001899,0
VEH000420,TSK001899,1
VEH000083,TSK001899,1
VEH000024,TSK001899,1
VEH000025,TSK001899,1
VEH000280,TSK001899,0
VEH000523,TSK001899,1
VEH000080,TSK001992,1
VEH000323,TSK001992,1
VEH000340,TSK001992,1
VEH000520,TSK001992,0
VEH000379,TSK001992,0
VEH000328,TSK001992,0
VEH000346,TSK001992,1
VEH000305,TSK001992,0
VEH000060,TSK001992,1
VEH000272,TSK001992,0
VEH000352,TSK001992,1
VEH000045,TSK001992,1
VEH000361,TSK001992,1
VEH000257,TSK001992,1
VEH000421,TSK001992,1
VEH000337,TSK001992,1
VEH000248,TSK001992,1
VEH000402,TSK001992,1
VEH000064,TSK001992,0
VEH000459,TSK001992,1
VEH000484,TSK001992,1
VEH000455,TSK001992,1
VEH000373,TSK001992,1
VEH000516,TSK001992,0
VEH000091,TSK001992,1
VEH000011,TSK001992,1
VEH000277,TSK001992,1
VEH000089,TSK001992,1
VEH000288,TSK001992,1
VEH000377,TSK001992,1
VEH000231,TSK001992,1
VEH000092,TSK001992,0
VEH000263,TSK001992,1
VEH000047,TSK001992,1
VEH000095,TSK001992,1
VEH000440,TSK001992,1
VEH000427,TSK001992,1
VEH000031,TSK001992,1
VEH000309,TSK001992,1
VEH000094,TSK001992,0
VEH000003,TSK001992,0
VEH000318,TSK001992,1
VEH000499,TSK001992,1
VEH000388,TSK001992,0
VEH000397,TSK001992,1
VEH000218,TSK001992,1
VEH000467,TSK001992,0
VEH000100,TSK001992,1
VEH000275,TSK001992,1
VEH000065,TSK001992,0
VEH000299,TSK001992,1
VEH000533,TSK001992,1
VEH000416,TSK001992,1
VEH000058,TSK001992,1
VEH000301,TSK001992,1
VEH000034,TSK001992,1
VEH000043,TSK001992,1
VEH000517,TSK001992,1
VEH000307,TSK001992,1
VEH000422,TSK001992,0
VEH000281,TSK001992,1
VEH000354,TSK001992,1
VEH000386,TSK001992,1
VEH000324,TSK001992,1
VEH000251,TSK001992,1
VEH000313,TSK001992,1
VEH000477,TSK001992,1
VEH000478,TSK001992,1
VEH000265,TSK001992,1
VEH000221,TSK001992,1
VEH000068,TSK001992,1
VEH000431,TSK001992,1
VEH000071,TSK001992,0
VEH000521,TSK001992,1
VEH000053,TSK001992,1
VEH000269,TSK001992,1
VEH000336,TSK001992,0
VEH000341,TSK001992,1
VEH000261,TSK001992,1
VEH000042,TSK001992,1
VEH000353,TSK001992,1
VEH000308,TSK001992,1
VEH000296,TSK001992,0
VEH000078,TSK001992,0
VEH000511,TSK001992,1
VEH000529,TSK001992,1
VEH000220,TSK001992,1
VEH000037,TSK001992,1
VEH000367,TSK001992,1
VEH000368,TSK001992,1
VEH000411,TSK001992,1
VEH000085,TSK001992,1
VEH000098,TSK001992,0
VEH000395,TSK001992,1
VEH000420,TSK001992,1
VEH000083,TSK001992,1
VEH000024,TSK001992,1
VEH000025,TSK001992,0
VEH000280,TSK001992,1
VEH000523,TSK001992,1
VEH000080,TSK002041,1
VEH000323,TSK002041,1
VEH000340,TSK002041,1
VEH000520,TSK002041,1
VEH000379,TSK002041,1
VEH000328,TSK002041,1
VEH000346,TSK002041,1
VEH000305,TSK002041,1
VEH000060,TSK002041,1
VEH000272,TSK002041,1
VEH000352,TSK002041,1
VEH000045,TSK002041,1
VEH000361,TSK002041,1
VEH000257,TSK002041,1
VEH000421,TSK002041,1
VEH000337,TSK002041,1
VEH000248,TSK002041,1
VEH000402,TSK002041,0
VEH000064,TSK002041,1
VEH000459,TSK002041,1
VEH000484,TSK002041,0
VEH000455,TSK002041,1
VEH000373,TSK002041,1
VEH000516,TSK002041,1
VEH000091,TSK002041,1
VEH000011,TSK002041,1
VEH000277,TSK002041,1
VEH000089,TSK002041,1
VEH000288,TSK002041,1
VEH000377,TSK002041,1
VEH000231,TSK002041,1
VEH000092,TSK002041,1
VEH000263,TSK002041,1
VEH000047,TSK002041,1
VEH000095,TSK002041,1
VEH000440,TSK002041,0
VEH000427,TSK002041,1
VEH000031,TSK002041,1
VEH000309,TSK002041,1
VEH000094,TSK002041,1
VEH000003,TSK002041,1
VEH000318,TSK002041,0
VEH000499,TSK002041,1
VEH000388,TSK002041,0
VEH000397,TSK002041,1
VEH000218,TSK002041,1
VEH000467,TSK002041,1
VEH000100,TSK002041,1
VEH000275,TSK002041,1
VEH000065,TSK002041,1
VEH000299,TSK002041,1
VEH000533,TSK002041,0
VEH000416,TSK002041,1
VEH000058,TSK002041,0
VEH000301,TSK002041,0
VEH000034,TSK002041,1
VEH000043,TSK002041,1
VEH000517,TSK002041,1
VEH000307,TSK002041,1
VEH000422,TSK002041,1
VEH000281,TSK002041,1
VEH000354,TSK002041,1
VEH000386,TSK002041,1
VEH000324,TSK002041,1
VEH000251,TSK002041,0
VEH000313,TSK002041,0
VEH000477,TSK002041,1
VEH000478,TSK002041,1
VEH000265,TSK002041,0
VEH000221,TSK002041,1
VEH000068,TSK002041,0
VEH000431,TSK002041,1
VEH000071,TSK002041,1
VEH000521,TSK002041,0
VEH000053,TSK002041,1
VEH000269,TSK002041,1
VEH000336,TSK002041,1
VEH000341,TSK002041,1
VEH000261,TSK002041,1
VEH000042,TSK002041,1
VEH000353,TSK002041,0
VEH000308,TSK002041,1
VEH000296,TSK002041,1
VEH000078,TSK002041,1
VEH000511,TSK002041,0
VEH000529,TSK002041,1
VEH000220,TSK002041,0
VEH000037,TSK002041,1
VEH000367,TSK002041,0
VEH000368,TSK002041,1
VEH000411,TSK002041,1
VEH000085,TSK002041,0
VEH000098,TSK002041,0
VEH000395,TSK002041,1
VEH000420,TSK002041,0
VEH000083,TSK002041,1
VEH000024,TSK002041,1
VEH000025,TSK002041,1
VEH000280,TSK002041,1
VEH000523,TSK002041,1
VEH000080,TSK002061,1
VEH000323,TSK002061,0
VEH000340,TSK002061,1
VEH000520,TSK002061,0
VEH000379,TSK002061,1
VEH000328,TSK002061,0
VEH000346,TSK002061,1
VEH000305,TSK002061,1
VEH000060,TSK002061,1
VEH000272,TSK002061,1
VEH000352,TSK002061,0
VEH000045,TSK002061,1
VEH000361,TSK002061,1
VEH000257,TSK002061,1
VEH000421,TSK002061,1
VEH000337,TSK002061,0
VEH000248,TSK002061,1
VEH000402,TSK002061,1
VEH000064,TSK002061,0
VEH000459,TSK002061,1
VEH000484,TSK002061,1
VEH000455,TSK002061,1
VEH000373,TSK002061,1
VEH000516,TSK002061,0
VEH000091,TSK002061,1
VEH000011,TSK002061,1
VEH000277,TSK002061,0
VEH000089,TSK002061,1
VEH000288,TSK002061,1
VEH000377,TSK002061,1
VEH000231,TSK002061,1
VEH000092,TSK002061,0
VEH000263,TSK002061,1
VEH000047,TSK002061,1
VEH000095,TSK002061,0
VEH000440,TSK002061,1
VEH000427,TSK002061,1
VEH000031,TSK002061,1
VEH000309,TSK002061,1
VEH000094,TSK002061,1
VEH000003,TSK002061,1
VEH000318,TSK002061,0
VEH000499,TSK002061,1
VEH000388,TSK002061,1
VEH000397,TSK002061,1
VEH000218,TSK002061,1
VEH000467,TSK002061,1
VEH000100,TSK002061,1
VEH000275,TSK002061,1
VEH000065,TSK002061,1
VEH000299,TSK002061,1
VEH000533,TSK002061,1
VEH000416,TSK002061,1
VEH000058,TSK002061,1
VEH000301,TSK002061,1
VEH000034,TSK002061,1
VEH000043,TSK002061,1
VEH000517,TSK002061,1
VEH000307,TSK002061,0
VEH000422,TSK002061,1
VEH000281,TSK002061,1
VEH000354,TSK002061,1
VEH000386,TSK002061,1
VEH000324,TSK002061,1
VEH000251,TSK002061,0
VEH000313,TSK002061,1
VEH000477,TSK002061,1
VEH000478,TSK002061,1
VEH000265,TSK002061,1
VEH000221,TSK002061,1
VEH000068,TSK002061,1
VEH000431,TSK002061,1
VEH000071,TSK002061,1
VEH000521,TSK002061,1
VEH000053,TSK002061,1
VEH000269,TSK002061,1
VEH000336,TSK002061,1
VEH000341,TSK002061,1
VEH000261,TSK002061,0
VEH000042,TSK002061,0
VEH000353,TSK002061,1
VEH000308,TSK002061,1
VEH000296,TSK002061,1
VEH000078,TSK002061,1
VEH000511,TSK002061,0
VEH000529,TSK002061,1
VEH000220,TSK002061,1
VEH000037,TSK002061,1
VEH000367,TSK002061,1
VEH000368,TSK002061,1
VEH000411,TSK002061,1
VEH000085,TSK002061,0
VEH000098,TSK002061,1
VEH000395,TSK002061,1
VEH000420,TSK002061,1
VEH000083,TSK002061,1
VEH000024,TSK002061,0
VEH000025,TSK002061,0
VEH000280,TSK002061,0
VEH000523,TSK002061,1
VEH000080,TSK002123,1
VEH000323,TSK002123,1
VEH000340,TSK002123,1
VEH000520,TSK002123,1
VEH000379,TSK002123,1
VEH000328,TSK002123,1
VEH000346,TSK002123,1
VEH000305,TSK002123,1
VEH000060,TSK002123,1
VEH000272,TSK002123,1
VEH000352,TSK002123,1
VEH000045,TSK002123,0
VEH000361,TSK002123,0
VEH000257,TSK002123,0
VEH000421,TSK002123,1
VEH000337,TSK002123,0
VEH000248,TSK002123,1
VEH000402,TSK002123,0
VEH000064,TSK002123,1
VEH000459,TSK002123,1
VEH000484,TSK002123,0
VEH000455,TSK002123,1
VEH000373,TSK002123,1
VEH000516,TSK002123,0
VEH000091,TSK002123,1
VEH000011,TSK002123,0
VEH000277,TSK002123,1
VEH000089,TSK002123,1
VEH000288,TSK002123,1
VEH000377,TSK002123,1
VEH000231,TSK002123,1
VEH000092,TSK002123,1
VEH000263,TSK002123,1
VEH000047,TSK002123,0
VEH000095,TSK002123,0
VEH000440,TSK002123,1
VEH000427,TSK002123,0
VEH000031,TSK002123,0
VEH000309,TSK002123,1
VEH000094,TSK002123,1
VEH000003,TSK002123,1
VEH000318,TSK002123,1
VEH000499,TSK002123,1
VEH000388,TSK002123,1
VEH000397,TSK002123,1
VEH000218,TSK002123,1
VEH000467,TSK002123,1
VEH000100,TSK002123,1
VEH000275,TSK002123,1
VEH000065,TSK002123,1
VEH000299,TSK002123,0
VEH000533,TSK002123,0
VEH000416,TSK002123,1
VEH000058,TSK002123,1
VEH000301,TSK002123,1
VEH000034,TSK002123,1
VEH000043,TSK002123,1
VEH000517,TSK002123,1
VEH000307,TSK002123,1
VEH000422,TSK002123,1
VEH000281,TSK002123,1
VEH000354,TSK002123,1
VEH000386,TSK002123,0
VEH000324,TSK002123,1
VEH000251,TSK002123,1
VEH000313,TSK002123,1
VEH000477,TSK002123,1
VEH000478,TSK002123,1
VEH000265,TSK002123,1
VEH000221,TSK002123,1
VEH000068,TSK002123,0
VEH000431,TSK002123,0
VEH000071,TSK002123,1
VEH000521,TSK002123,1
VEH000053,TSK002123,1
VEH000269,TSK002123,1
VEH000336,TSK002123,1
VEH000341,TSK002123,1
VEH000261,TSK002123,0
VEH000042,TSK002123,1
VEH000353,TSK002123,1
VEH000308,TSK002123,1
VEH000296,TSK002123,1
VEH000078,TSK002123,0
VEH000511,TSK002123,1
VEH000529,TSK002123,1
VEH000220,TSK002123,1
VEH000037,TSK002123,1
VEH000367,TSK002123,1
VEH000368,TSK002123,1
VEH000411,TSK002123,1
VEH000085,TSK002123,1
VEH000098,TSK002123,1
VEH000395,TSK002123,1
VEH000420,TSK002123,1
VEH000083,TSK002123,1
VEH000024,TSK002123,1
VEH000025,TSK002123,0
VEH000280,TSK002123,1
VEH000523,TSK002123,1
VEH000080,TSK002151,1
VEH000323,TSK002151,1
VEH000340,TSK002151,1
VEH000520,TSK002151,1
VEH000379,TSK002151,0
VEH000328,TSK002151,1
VEH000346,TSK002151,1
VEH000305,TSK002151,0
VEH000060,TSK002151,1
VEH000272,TSK002151,1
VEH000352,TSK002151,1
VEH000045,TSK002151,1
VEH000361,TSK002151,1
VEH000257,TSK002151,1
VEH000421,TSK002151,1
VEH000337,TSK002151,1
VEH000248,TSK002151,1
VEH000402,TSK002151,0
VEH000064,TSK002151,1
VEH000459,TSK002151,1
VEH000484,TSK002151,1
VEH000455,TSK002151,1
VEH000373,TSK002151,1
VEH000516,TSK002151,1
VEH000091,TSK002151,1
VEH000011,TSK002151,1
VEH000277,TSK002151,1
VEH000089,TSK002151,1
VEH000288,TSK002151,1
VEH000377,TSK002151,0
VEH000231,TSK002151,0
VEH000092,TSK002151,1
VEH000263,TSK002151,1
VEH000047,TSK002151,1
VEH000095,TSK002151,1
VEH000440,TSK002151,0
VEH000427,TSK002151,0
VEH000031,TSK002151,1
VEH000309,TSK002151,1
VEH000094,TSK002151,1
VEH000003,TSK002151,1
VEH000318,TSK002151,1
VEH000499,TSK002151,1
VEH000388,TSK002151,1
VEH000397,TSK002151,1
VEH000218,TSK002151,0
VEH000467,TSK002151,1
VEH000100,TSK002151,1
VEH000275,TSK002151,1
VEH000065,TSK002151,1
VEH000299,TSK002151,1
VEH000533,TSK002151,1
VEH000416,TSK002151,1
VEH000058,TSK002151,1
VEH000301,TSK002151,1
VEH000034,TSK002151,0
VEH000043,TSK002151,0
VEH000517,TSK002151,1
VEH000307,TSK002151,0
VEH000422,TSK002151,0
VEH000281,TSK002151,1
VEH000354,TSK002151,1
VEH000386,TSK002151,1
VEH000324,TSK002151,1
VEH000251,TSK002151,1
VEH000313,TSK002151,1
VEH000477,TSK002151,1
VEH000478,TSK002151,0
VEH000265,TSK002151,1
VEH000221,TSK002151,1
VEH000068,TSK002151,1
VEH000431,TSK002151,1
VEH000071,TSK002151,0
VEH000521,TSK002151,1
VEH000053,TSK002151,0
VEH000269,TSK002151,1
VEH000336,TSK002151,1
VEH000341,TSK002151,1
VEH000261,TSK002151,1
VEH000042,TSK002151,1
VEH000353,TSK002151,1
VEH000308,TSK002151,1
VEH000296,TSK002151,1
VEH000078,TSK002151,1
VEH000511,TSK002151,1
VEH000529,TSK002151,0
VEH000220,TSK002151,1
VEH000037,TSK002151,0
VEH000367,TSK002151,0
VEH000368,TSK002151,1
VEH000411,TSK002151,1
VEH000085,TSK002151,1
VEH000098,TSK002151,1
VEH000395,TSK002151,0
VEH000420,TSK002151,1
VEH000083,TSK002151,1
VEH000024,TSK002151,0
VEH000025,TSK002151,1
VEH000280,TSK002151,1
VEH000523,TSK002151,1
VEH000080,TSK002236,1
VEH000323,TSK002236,1
VEH000340,TSK002236,1
VEH000520,TSK002236,0
VEH000379,TSK002236,0
VEH000328,TSK002236,1
VEH000346,TSK002236,1
VEH000305,TSK002236,1
VEH000060,TSK002236,1
VEH000272,TSK002236,1
VEH000352,TSK002236,1
VEH000045,TSK002236,1
VEH000361,TSK002236,1
VEH000257,TSK002236,0
VEH000421,TSK002236,1
VEH000337,TSK002236,0
VEH000248,TSK002236,1
VEH000402,TSK002236,1
VEH000064,TSK002236,1
VEH000459,TSK002236,1
VEH000484,TSK002236,1
VEH000455,TSK002236,1
VEH000373,TSK002236,0
VEH000516,TSK002236,1
VEH000091,TSK002236,1
VEH000011,TSK002236,1
VEH000277,TSK002236,0
VEH000089,TSK002236,1
VEH000288,TSK002236,1
VEH000377,TSK002236,1
VEH000231,TSK002236,1
VEH000092,TSK002236,1
VEH000263,TSK002236,1
VEH000047,TSK002236,1
VEH000095,TSK002236,1
VEH000440,TSK002236,1
VEH000427,TSK002236,1
VEH000031,TSK002236,0
VEH000309,TSK002236,1
VEH000094,TSK002236,1
VEH000003,TSK002236,1
VEH000318,TSK002236,1
VEH000499,TSK002236,1
VEH000388,TSK002236,1
VEH000397,TSK002236,1
VEH000218,TSK002236,1
VEH000467,TSK002236,1
VEH000100,TSK002236,1
VEH000275,TSK002236,1
VEH000065,TSK002236,1
VEH000299,TSK002236,0
VEH000533,TSK002236,0
VEH000416,TSK002236,1
VEH000058,TSK002236,1
VEH000301,TSK002236,1
VEH000034,TSK002236,1
VEH000043,TSK002236,1
VEH000517,TSK002236,1
VEH000307,TSK002236,1
VEH000422,TSK002236,1
VEH000281,TSK002236,1
VEH000354,TSK002236,1
VEH000386,TSK002236,1
VEH000324,TSK002236,1
VEH000251,TSK002236,0
VEH000313,TSK002236,0
VEH000477,TSK002236,0
VEH000478,TSK002236,1
VEH000265,TSK002236,0
VEH000221,TSK002236,0
VEH000068,TSK002236,1
VEH000431,TSK002236,1
VEH000071,TSK002236,1
VEH000521,TSK002236,1
VEH000053,TSK002236,1
VEH000269,TSK002236,0
VEH000336,TSK002236,1
VEH000341,TSK002236,0
VEH000261,TSK002236,1
VEH000042,TSK002236,1
VEH000353,TSK002236,1
VEH000308,TSK002236,0
VEH000296,TSK002236,0
VEH000078,TSK002236,1
VEH000511,TSK002236,1
VEH000529,TSK002236,1
VEH000220,TSK002236,1
VEH000037,TSK002236,1
VEH000367,TSK002236,1
VEH000368,TSK002236,1
VEH000411,TSK002236,1
VEH000085,TSK002236,1
VEH000098,TSK002236,1
VEH000395,TSK002236,0
VEH000420,TSK002236,1
VEH000083,TSK002236,0
VEH000024,TSK002236,1
VEH000025,TSK002236,1
VEH000280,TSK002236,1
VEH000523,TSK002236,1
VEH000080,TSK002331,1
VEH000323,TSK002331,0
VEH000340,TSK002331,1
VEH000520,TSK002331,0
VEH000379,TSK002331,1
VEH000328,TSK002331,1
VEH000346,TSK002331,1
VEH000305,TSK002331,1
VEH000060,TSK002331,0
VEH000272,TSK002331,1
VEH000352,TSK002331,1
VEH000045,TSK002331,1
VEH000361,TSK002331,0
VEH000257,TSK002331,0
VEH000421,TSK002331,1
VEH000337,TSK002331,1
VEH000248,TSK002331,1
VEH000402,TSK002331,1
VEH000064,TSK002331,1
VEH000459,TSK002331,0
VEH000484,TSK002331,1
VEH000455,TSK002331,1
VEH000373,TSK002331,0
VEH000516,TSK002331,1
VEH000091,TSK002331,1
VEH000011,TSK002331,0
VEH000277,TSK002331,1
VEH000089,TSK002331,0
VEH000288,TSK002331,1
VEH000377,TSK002331,1
VEH000231,TSK002331,0
VEH000092,TSK002331,1
VEH000263,TSK002331,1
VEH000047,TSK002331,1
VEH000095,TSK002331,1
VEH000440,TSK002331,1
VEH000427,TSK002331,1
VEH000031,TSK002331,1
VEH000309,TSK002331,1
VEH000094,TSK002331,0
VEH000003,TSK002331,1
VEH000318,TSK002331,1
VEH000499,TSK002331,1
VEH000388,TSK002331,1
VEH000397,TSK002331,0
VEH000218,TSK002331,1
VEH000467,TSK002331,0
VEH000100,TSK002331,1
VEH000275,TSK002331,1
VEH000065,TSK002331,1
VEH000299,TSK002331,1
VEH000533,TSK002331,0
VEH000416,TSK002331,1
VEH000058,TSK002331,1
VEH000301,TSK002331,1
VEH000034,TSK002331,1
VEH000043,TSK002331,1
VEH000517,TSK002331,1
VEH000307,TSK002331,1
VEH000422,TSK002331,1
VEH000281,TSK002331,1
VEH000354,TSK002331,1
VEH000386,TSK002331,1
VEH000324,TSK002331,1
VEH000251,TSK002331,1
VEH000313,TSK002331,1
VEH000477,TSK002331,1
VEH000478,TSK002331,1
VEH000265,TSK002331,1
VEH000221,TSK002331,0
VEH000068,TSK002331,1
VEH000431,TSK002331,1
VEH000071,TSK002331,1
VEH000521,TSK002331,1
VEH000053,TSK002331,0
VEH000269,TSK002331,1
VEH000336,TSK002331,0
VEH000341,TSK002331,1
VEH000261,TSK002331,1
VEH000042,TSK002331,1
VEH000353,TSK002331,1
VEH000308,TSK002331,0
VEH000296,TSK002331,1
VEH000078,TSK002331,1
VEH000511,TSK002331,1
VEH000529,TSK002331,1
VEH000220,TSK002331,1
VEH000037,TSK002331,1
VEH000367,TSK002331,1
VEH000368,TSK002331,1
VEH000411,TSK002331,1
VEH000085,TSK002331,0
VEH000098,TSK002331,1
VEH000395,TSK002331,1
VEH000420,TSK002331,1
VEH000083,TSK002331,1
VEH000024,TSK002331,0
VEH000025,TSK002331,1
VEH000280,TSK002331,1
VEH000523,TSK002331,1
VEH000080,TSK002374,1
VEH000323,TSK002374,1
VEH000340,TSK002374,1
VEH000520,TSK002374,1
VEH000379,TSK002374,0
VEH000328,TSK002374,0
VEH000346,TSK002374,0
VEH000305,TSK002374,1
VEH000060,TSK002374,0
VEH000272,TSK002374,1
VEH000352,TSK002374,1
VEH000045,TSK002374,1
VEH000361,TSK002374,1
VEH000257,TSK002374,1
VEH000421,TSK002374,1
VEH000337,TSK002374,1
VEH000248,TSK002374,1
VEH000402,TSK002374,1
VEH000064,TSK002374,1
VEH000459,TSK002374,0
VEH000484,TSK002374,1
VEH000455,TSK002374,0
VEH000373,TSK002374,1
VEH000516,TSK002374,1
VEH000091,TSK002374,1
VEH000011,TSK002374,1
VEH000277,TSK002374,0
VEH000089,TSK002374,0
VEH000288,TSK002374,1
VEH000377,TSK002374,1
VEH000231,TSK002374,1
VEH000092,TSK002374,1
VEH000263,TSK002374,0
VEH000047,TSK002374,1
VEH000095,TSK002374,0
VEH000440,TSK002374,1
VEH000427,TSK002374,1
VEH000031,TSK002374,1
VEH000309,TSK002374,0
VEH000094,TSK002374,1
VEH000003,TSK002374,0
VEH000318,TSK002374,1
VEH000499,TSK002374,1
VEH000388,TSK002374,1
VEH000397,TSK002374,1
VEH000218,TSK002374,1
VEH000467,TSK002374,1
VEH000100,TSK002374,1
VEH000275,TSK002374,1
VEH000065,TSK002374,1
VEH000299,TSK002374,1
VEH000533,TSK002374,1
VEH000416,TSK002374,0
VEH000058,TSK002374,1
VEH000301,TSK002374,1
VEH000034,TSK002374,1
VEH000043,TSK002374,1
VEH000517,TSK002374,0
VEH000307,TSK002374,1
VEH000422,TSK002374,1
VEH000281,TSK002374,1
VEH000354,TSK002374,1
VEH000386,TSK002374,1
VEH000324,TSK002374,1
VEH000251,TSK002374,1
VEH000313,TSK002374,1
VEH000477,TSK002374,1
VEH000478,TSK002374,0
VEH000265,TSK002374,1
VEH000221,TSK002374,1
VEH000068,TSK002374,1
VEH000431,TSK002374,1
VEH000071,TSK002374,0
VEH000521,TSK002374,1
VEH000053,TSK002374,1
VEH000269,TSK002374,1
VEH000336,TSK002374,1
VEH000341,TSK002374,1
VEH000261,TSK002374,1
VEH000042,TSK002374,0
VEH000353,TSK002374,1
VEH000308,TSK002374,0
VEH000296,TSK002374,1
VEH000078,TSK002374,1
VEH000511,TSK002374,1
VEH000529,TSK002374,1
VEH000220,TSK002374,1
VEH000037,TSK002374,1
VEH000367,TSK002374,1
VEH000368,TSK002374,1
VEH000411,TSK002374,1
VEH000085,TSK002374,0
VEH000098,TSK002374,1
VEH000395,TSK002374,1
VEH000420,TSK002374,1
VEH000083,TSK002374,1
VEH000024,TSK002374,1
VEH000025,TSK002374,1
VEH000280,TSK002374,0
VEH000523,TSK002374,1
VEH000080,TSK002399,1
VEH000323,TSK002399,1
VEH000340,TSK002399,0
VEH000520,TSK002399,1
VEH000379,TSK002399,1
VEH000328,TSK002399,1
VEH000346,TSK002399,1
VEH000305,TSK002399,1
VEH000060,TSK002399,0
VEH000272,TSK002399,0
VEH000352,TSK002399,1
VEH000045,TSK002399,1
VEH000361,TSK002399,1
VEH000257,TSK002399,1
VEH000421,TSK002399,1
VEH000337,TSK002399,1
VEH000248,TSK002399,1
VEH000402,TSK002399,1
VEH000064,TSK002399,1
VEH000459,TSK002399,1
VEH000484,TSK002399,1
VEH000455,TSK002399,1
VEH000373,TSK002399,1
VEH000516,TSK002399,1
VEH000091,TSK002399,1
VEH000011,TSK002399,0
VEH000277,TSK002399,1
VEH000089,TSK002399,1
VEH000288,TSK002399,1
VEH000377,TSK002399,1
VEH000231,TSK002399,0
VEH000092,TSK002399,1
VEH000263,TSK002399,1
VEH000047,TSK002399,0
VEH000095,TSK002399,0
VEH000440,TSK002399,1
VEH000427,TSK002399,1
VEH000031,TSK002399,1
VEH000309,TSK002399,1
VEH000094,TSK002399,1
VEH000003,TSK002399,1
VEH000318,TSK002399,1
VEH000499,TSK002399,1
VEH000388,TSK002399,1
VEH000397,TSK002399,1
VEH000218,TSK002399,1
VEH000467,TSK002399,1
VEH000100,TSK002399,1
VEH000275,TSK002399,1
VEH000065,TSK002399,0
VEH000299,TSK002399,0
VEH000533,TSK002399,0
VEH000416,TSK002399,0
VEH000058,TSK002399,1
VEH000301,TSK002399,1
VEH000034,TSK002399,0
VEH000043,TSK002399,1
VEH000517,TSK002399,0
VEH000307,TSK002399,1
VEH000422,TSK002399,1
VEH000281,TSK002399,1
VEH000354,TSK002399,1
VEH000386,TSK002399,1
VEH000324,TSK002399,1
VEH000251,TSK002399,1
VEH000313,TSK002399,0
VEH000477,TSK002399,1
VEH000478,TSK002399,0
VEH000265,TSK002399,1
VEH000221,TSK002399,0
VEH000068,TSK002399,1
VEH000431,TSK002399,1
VEH000071,TSK002399,1
VEH000521,TSK002399,1
VEH000053,TSK002399,1
VEH000269,TSK002399,1
VEH000336,TSK002399,1
VEH000341,TSK002399,1
VEH000261,TSK002399,1
VEH000042,TSK002399,1
VEH000353,TSK002399,1
VEH000308,TSK002399,1
VEH000296,TSK002399,1
VEH000078,TSK002399,1
VEH000511,TSK002399,1
VEH000529,TSK002399,1
VEH000220,TSK002399,1
VEH000037,TSK002399,1
VEH000367,TSK002399,0
VEH000368,TSK002399,1
VEH000411,TSK002399,1
VEH000085,TSK002399,1
VEH000098,TSK002399,1
VEH000395,TSK002399,0
VEH000420,TSK002399,0
VEH000083,TSK002399,1
VEH000024,TSK002399,1
VEH000025,TSK002399,0
VEH000280,TSK002399,1
VEH000523,TSK002399,1
VEH000080,TSK002434,1
VEH000323,TSK002434,1
VEH000340,TSK002434,1
VEH000520,TSK002434,1
VEH000379,TSK002434,1
VEH000328,TSK002434,1
VEH000346,TSK002434,1
VEH000305,TSK002434,1
VEH000060,TSK002434,0
VEH000272,TSK002434,1
VEH000352,TSK002434,1
VEH000045,TSK002434,1
VEH000361,TSK002434,0
VEH000257,TSK002434,0
VEH000421,TSK002434,1
VEH000337,TSK002434,1
VEH000248,TSK002434,1
VEH000402,TSK002434,1
VEH000064,TSK002434,1
VEH000459,TSK002434,1
VEH000484,TSK002434,0
VEH000455,TSK002434,1
VEH000373,TSK002434,0
VEH000516,TSK002434,1
VEH000091,TSK002434,1
VEH000011,TSK002434,1
VEH000277,TSK002434,0
VEH000089,TSK002434,1
VEH000288,TSK002434,1
VEH000377,TSK002434,1
VEH000231,TSK002434,1
VEH000092,TSK002434,1
VEH000263,TSK002434,0
VEH000047,TSK002434,1
VEH000095,TSK002434,1
VEH000440,TSK002434,1
VEH000427,TSK002434,1
VEH000031,TSK002434,1
VEH000309,TSK002434,1
VEH000094,TSK002434,0
VEH000003,TSK002434,1
VEH000318,TSK002434,1
VEH000499,TSK002434,1
VEH000388,TSK002434,1
VEH000397,TSK002434,0
VEH000218,TSK002434,1
VEH000467,TSK002434,1
VEH000100,TSK002434,1
VEH000275,TSK002434,1
VEH000065,TSK002434,0
VEH000299,TSK002434,1
VEH000533,TSK002434,0
VEH000416,TSK002434,1
VEH000058,TSK002434,0
VEH000301,TSK002434,1
VEH000034,TSK002434,1
VEH000043,TSK002434,1
VEH000517,TSK002434,1
VEH000307,TSK002434,1
VEH000422,TSK002434,1
VEH000281,TSK002434,1
VEH000354,TSK002434,1
VEH000386,TSK002434,1
VEH000324,TSK002434,1
VEH000251,TSK002434,0
VEH000313,TSK002434,1
VEH000477,TSK002434,0
VEH000478,TSK002434,1
VEH000265,TSK002434,1
VEH000221,TSK002434,1
VEH000068,TSK002434,1
VEH000431,TSK002434,0
VEH000071,TSK002434,1
VEH000521,TSK002434,0
VEH000053,TSK002434,1
VEH000269,TSK002434,1
VEH000336,TSK002434,1
VEH000341,TSK002434,1
VEH000261,TSK002434,1
VEH000042,TSK002434,1
VEH000353,TSK002434,1
VEH000308,TSK002434,1
VEH000296,TSK002434,1
VEH000078,TSK002434,0
VEH000511,TSK002434,1
VEH000529,TSK002434,0
VEH000220,TSK002434,1
VEH000037,TSK002434,1
VEH000367,TSK002434,0
VEH000368,TSK002434,1
VEH000411,TSK002434,1
VEH000085,TSK002434,1
VEH000098,TSK002434,1
VEH000395,TSK002434,1
VEH000420,TSK002434,1
VEH000083,TSK002434,1
VEH000024,TSK002434,0
VEH000025,TSK002434,1
VEH000280,TSK002434,1
VEH000523,TSK002434,1
VEH000080,TSK002481,1
VEH000323,TSK002481,1
VEH000340,TSK002481,1
VEH000520,TSK002481,0
VEH000379,TSK002481,1
VEH000328,TSK002481,1
VEH000346,TSK002481,1
VEH000305,TSK002481,0
VEH000060,TSK002481,1
VEH000272,TSK002481,0
VEH000352,TSK002481,1
VEH000045,TSK002481,1
VEH000361,TSK002481,1
VEH000257,TSK002481,1
VEH000421,TSK002481,0
VEH000337,TSK002481,0
VEH000248,TSK002481,1
VEH000402,TSK002481,1
VEH000064,TSK002481,1
VEH000459,TSK002481,1
VEH000484,TSK002481,0
VEH000455,TSK002481,1
VEH000373,TSK002481,1
VEH000516,TSK002481,0
VEH000091,TSK002481,0
VEH000011,TSK002481,1
VEH000277,TSK002481,1
VEH000089,TSK002481,0
VEH000288,TSK002481,1
VEH000377,TSK002481,1
VEH000231,TSK002481,1
VEH000092,TSK002481,1
VEH000263,TSK002481,1
VEH000047,TSK002481,0
VEH000095,TSK002481,1
VEH000440,TSK002481,1
VEH000427,TSK002481,1
VEH000031,TSK002481,0
VEH000309,TSK002481,1
VEH000094,TSK002481,1
VEH000003,TSK002481,1
VEH000318,TSK002481,1
VEH000499,TSK002481,1
VEH000388,TSK002481,0
VEH000397,TSK002481,1
VEH000218,TSK002481,1
VEH000467,TSK002481,1
VEH000100,TSK002481,1
VEH000275,TSK002481,1
VEH000065,TSK002481,1
VEH000299,TSK002481,0
VEH000533,TSK002481,1
VEH000416,TSK002481,0
VEH000058,TSK002481,1
VEH000301,TSK002481,1
VEH000034,TSK002481,1
VEH000043,TSK002481,1
VEH000517,TSK002481,1
VEH000307,TSK002481,1
VEH000422,TSK002481,1
VEH000281,TSK002481,1
VEH000354,TSK002481,1
VEH000386,TSK002481,1
VEH000324,TSK002481,0
VEH000251,TSK002481,1
VEH000313,TSK002481,1
VEH000477,TSK002481,1
VEH000478,TSK002481,1
VEH000265,TSK002481,1
VEH000221,TSK002481,1
VEH000068,TSK002481,1
VEH000431,TSK002481,1
VEH000071,TSK002481,1
VEH000521,TSK002481,1
VEH000053,TSK002481,0
VEH000269,TSK002481,1
VEH000336,TSK002481,0
VEH000341,TSK002481,1
VEH000261,TSK002481,1
VEH000042,TSK002481,1
VEH000353,TSK002481,1
VEH000308,TSK002481,1
VEH000296,TSK002481,1
VEH000078,TSK002481,1
VEH000511,TSK002481,1
VEH000529,TSK002481,1
VEH000220,TSK002481,1
VEH000037,TSK002481,1
VEH000367,TSK002481,1
VEH000368,TSK002481,1
VEH000411,TSK002481,1
VEH000085,TSK002481,0
VEH000098,TSK002481,1
VEH000395,TSK002481,1
VEH000420,TSK002481,1
VEH000083,TSK002481,1
VEH000024,TSK002481,0
VEH000025,TSK002481,1
VEH000280,TSK002481,1
VEH000523,TSK002481,0
VEH000080,TSK002489,0
VEH000323,TSK002489,1
VEH000340,TSK002489,1
VEH000520,TSK002489,0
VEH000379,TSK002489,1
VEH000328,TSK002489,1
VEH000346,TSK002489,1
VEH000305,TSK002489,1
VEH000060,TSK002489,1
VEH000272,TSK002489,1
VEH000352,TSK002489,1
VEH000045,TSK002489,0
VEH000361,TSK002489,0
VEH000257,TSK002489,1
VEH000421,TSK002489,1
VEH000337,TSK002489,1
VEH000248,TSK002489,0
VEH000402,TSK002489,1
VEH000064,TSK002489,1
VEH000459,TSK002489,1
VEH000484,TSK002489,1
VEH000455,TSK002489,0
VEH000373,TSK002489,0
VEH000516,TSK002489,1
VEH000091,TSK002489,1
VEH000011,TSK002489,1
VEH000277,TSK002489,1
VEH000089,TSK002489,0
VEH000288,TSK002489,0
VEH000377,TSK002489,1
VEH000231,TSK002489,0
VEH000092,TSK002489,1
VEH000263,TSK002489,1
VEH000047,TSK002489,1
VEH000095,TSK002489,0
VEH000440,TSK002489,1
VEH000427,TSK002489,0
VEH000031,TSK002489,1
VEH000309,TSK002489,1
VEH000094,TSK002489,0
VEH000003,TSK002489,1
VEH000318,TSK002489,1
VEH000499,TSK002489,1
VEH000388,TSK002489,0
VEH000397,TSK002489,1
VEH000218,TSK002489,1
VEH000467,TSK002489,1
VEH000100,TSK002489,1
VEH000275,TSK002489,0
VEH000065,TSK002489,1
VEH000299,TSK002489,0
VEH000533,TSK002489,1
VEH000416,TSK002489,1
VEH000058,TSK002489,1
VEH000301,TSK002489,1
VEH000034,TSK002489,1
VEH000043,TSK002489,1
VEH000517,TSK002489,1
VEH000307,TSK002489,1
VEH000422,TSK002489,0
VEH000281,TSK002489,1
VEH000354,TSK002489,1
VEH000386,TSK002489,0
VEH000324,TSK002489,1
VEH000251,TSK002489,1
VEH000313,TSK002489,1
VEH000477,TSK002489,1
VEH000478,TSK002489,1
VEH000265,TSK002489,1
VEH000221,TSK002489,1
VEH000068,TSK002489,1
VEH000431,TSK002489,1
VEH000071,TSK002489,1
VEH000521,TSK002489,1
VEH000053,TSK002489,1
VEH000269,TSK002489,0
VEH000336,TSK002489,1
VEH000341,TSK002489,1
VEH000261,TSK002489,1
VEH000042,TSK002489,1
VEH000353,TSK002489,1
VEH000308,TSK002489,1
VEH000296,TSK002489,1
VEH000078,TSK002489,1
VEH000511,TSK002489,1
VEH000529,TSK002489,1
VEH000220,TSK002489,1
VEH000037,TSK002489,1
VEH000367,TSK002489,1
VEH000368,TSK002489,1
VEH000411,TSK002489,0
VEH000085,TSK002489,1
VEH000098,TSK002489,1
VEH000395,TSK002489,1
VEH000420,TSK002489,1
VEH000083,TSK002489,1
VEH000024,TSK002489,1
VEH000025,TSK002489,1
VEH000280,TSK002489,1
VEH000523,TSK002489,1
VEH000080,TSK002498,1
VEH000323,TSK002498,1
VEH000340,TSK002498,1
VEH000520,TSK002498,1
VEH000379,TSK002498,0
VEH000328,TSK002498,1
VEH000346,TSK002498,1
VEH000305,TSK002498,0
VEH000060,TSK002498,1
VEH000272,TSK002498,1
VEH000352,TSK002498,1
VEH000045,TSK002498,1
VEH000361,TSK002498,1
VEH000257,TSK002498,1
VEH000421,TSK002498,1
VEH000337,TSK002498,1
VEH000248,TSK002498,1
VEH000402,TSK002498,1
VEH000064,TSK002498,0
VEH000459,TSK002498,0
VEH000484,TSK002498,1
VEH000455,TSK002498,1
VEH000373,TSK002498,1
VEH000516,TSK002498,0
VEH000091,TSK002498,1
VEH000011,TSK002498,1
VEH000277,TSK002498,1
VEH000089,TSK002498,0
VEH000288,TSK002498,1
VEH000377,TSK002498,1
VEH000231,TSK002498,1
VEH000092,TSK002498,1
VEH000263,TSK002498,0
VEH000047,TSK002498,1
VEH000095,TSK002498,1
VEH000440,TSK002498,1
VEH000427,TSK002498,1
VEH000031,TSK002498,0
VEH000309,TSK002498,1
VEH000094,TSK002498,1
VEH000003,TSK002498,0
VEH000318,TSK002498,0
VEH000499,TSK002498,1
VEH000388,TSK002498,1
VEH000397,TSK002498,1
VEH000218,TSK002498,1
VEH000467,TSK002498,1
VEH000100,TSK002498,1
VEH000275,TSK002498,1
VEH000065,TSK002498,1
VEH000299,TSK002498,1
VEH000533,TSK002498,1
VEH000416,TSK002498,1
VEH000058,TSK002498,0
VEH000301,TSK002498,1
VEH000034,TSK002498,1
VEH000043,TSK002498,1
VEH000517,TSK002498,1
VEH000307,TSK002498,1
VEH000422,TSK002498,1
VEH000281,TSK002498,0
VEH000354,TSK002498,1
VEH000386,TSK002498,1
VEH000324,TSK002498,1
VEH000251,TSK002498,1
VEH000313,TSK002498,0
VEH000477,TSK002498,1
VEH000478,TSK002498,1
VEH000265,TSK002498,1
VEH000221,TSK002498,0
VEH000068,TSK002498,1
VEH000431,TSK002498,0
VEH000071,TSK002498,1
VEH000521,TSK002498,1
VEH000053,TSK002498,1
VEH000269,TSK002498,1
VEH000336,TSK002498,1
VEH000341,TSK002498,1
VEH000261,TSK002498,1
VEH000042,TSK002498,1
VEH000353,TSK002498,1
VEH000308,TSK002498,1
VEH000296,TSK002498,1
VEH000078,TSK002498,1
VEH000511,TSK002498,1
VEH000529,TSK002498,0
VEH000220,TSK002498,0
VEH000037,TSK002498,1
VEH000367,TSK002498,1
VEH000368,TSK002498,1
VEH000411,TSK002498,1
VEH000085,TSK002498,0
VEH000098,TSK002498,1
VEH000395,TSK002498,1
VEH000420,TSK002498,0
VEH000083,TSK002498,0
VEH000024,TSK002498,1
VEH000025,TSK002498,1
VEH000280,TSK002498,1
VEH000523,TSK002498,1
VEH000080,TSK002564,1
VEH000323,TSK002564,1
VEH000340,TSK002564,0
VEH000520,TSK002564,1
VEH000379,TSK002564,1
VEH000328,TSK002564,1
VEH000346,TSK002564,0
VEH000305,TSK002564,1
VEH000060,TSK002564,1
VEH000272,TSK002564,1
VEH000352,TSK002564,0
VEH000045,TSK002564,1
VEH000361,TSK002564,1
VEH000257,TSK002564,1
VEH000421,TSK002564,1
VEH000337,TSK002564,1
VEH000248,TSK002564,1
VEH000402,TSK002564,1
VEH000064,TSK002564,0
VEH000459,TSK002564,1
VEH000484,TSK002564,1
VEH000455,TSK002564,0
VEH000373,TSK002564,1
VEH000516,TSK002564,1
VEH000091,TSK002564,1
VEH000011,TSK002564,1
VEH000277,TSK002564,0
VEH000089,TSK002564,1
VEH000288,TSK002564,1
VEH000377,TSK002564,1
VEH000231,TSK002564,1
VEH000092,TSK002564,1
VEH000263,TSK002564,1
VEH000047,TSK002564,0
VEH000095,TSK002564,0
VEH000440,TSK002564,1
VEH000427,TSK002564,1
VEH000031,TSK002564,1
VEH000309,TSK002564,0
VEH000094,TSK002564,1
VEH000003,TSK002564,1
VEH000318,TSK002564,1
VEH000499,TSK002564,1
VEH000388,TSK002564,1
VEH000397,TSK002564,1
VEH000218,TSK002564,1
VEH000467,TSK002564,0
VEH000100,TSK002564,0
VEH000275,TSK002564,1
VEH000065,TSK002564,1
VEH000299,TSK002564,1
VEH000533,TSK002564,1
VEH000416,TSK002564,1
VEH000058,TSK002564,1
VEH000301,TSK002564,1
VEH000034,TSK002564,1
VEH000043,TSK002564,1
VEH000517,TSK002564,1
VEH000307,TSK002564,1
VEH000422,TSK002564,1
VEH000281,TSK002564,0
VEH000354,TSK002564,1
VEH000386,TSK002564,1
VEH000324,TSK002564,1
VEH000251,TSK002564,0
VEH000313,TSK002564,1
VEH000477,TSK002564,1
VEH000478,TSK002564,1
VEH000265,TSK002564,1
VEH000221,TSK002564,1
VEH000068,TSK002564,1
VEH000431,TSK002564,1
VEH000071,TSK002564,1
VEH000521,TSK002564,1
VEH000053,TSK002564,1
VEH000269,TSK002564,0
VEH000336,TSK002564,1
VEH000341,TSK002564,1
VEH000261,TSK002564,1
VEH000042,TSK002564,1
VEH000353,TSK002564,0
VEH000308,TSK002564,0
VEH000296,TSK002564,0
VEH000078,TSK002564,0
VEH000511,TSK002564,1
VEH000529,TSK002564,1
VEH000220,TSK002564,1
VEH000037,TSK002564,1
VEH000367,TSK002564,1
VEH000368,TSK002564,1
VEH000411,TSK002564,1
VEH000085,TSK002564,1
VEH000098,TSK002564,1
VEH000395,TSK002564,1
VEH000420,TSK002564,1
VEH000083,TSK002564,0
VEH000024,TSK002564,0
VEH000025,TSK002564,1
VEH000280,TSK002564,1
VEH000523,TSK002564,1
VEH000080,TSK002592,1
VEH000323,TSK002592,1
VEH000340,TSK002592,1
VEH000520,TSK002592,1
VEH000379,TSK002592,0
VEH000328,TSK002592,0
VEH000346,TSK002592,0
VEH000305,TSK002592,1
VEH000060,TSK002592,1
VEH000272,TSK002592,1
VEH000352,TSK002592,1
VEH000045,TSK002592,1
VEH000361,TSK002592,1
VEH000257,TSK002592,1
VEH000421,TSK002592,1
VEH000337,TSK002592,1
VEH000248,TSK002592,1
VEH000402,TSK002592,1
VEH000064,TSK002592,1
VEH000459,TSK002592,1
VEH000484,TSK002592,1
VEH000455,TSK002592,1
VEH000373,TSK002592,1
VEH000516,TSK002592,0
VEH000091,TSK002592,1
VEH000011,TSK002592,1
VEH000277,TSK002592,1
VEH000089,TSK002592,1
VEH000288,TSK002592,1
VEH000377,TSK002592,1
VEH000231,TSK002592,1
VEH000092,TSK002592,0
VEH000263,TSK002592,1
VEH000047,TSK002592,1
VEH000095,TSK002592,1
VEH000440,TSK002592,1
VEH000427,TSK002592,0
VEH000031,TSK002592,1
VEH000309,TSK002592,0
VEH000094,TSK002592,1
VEH000003,TSK002592,1
VEH000318,TSK002592,1
VEH000499,TSK002592,1
VEH000388,TSK002592,1
VEH000397,TSK002592,1
VEH000218,TSK002592,1
VEH000467,TSK002592,1
VEH000100,TSK002592,1
VEH000275,TSK002592,1
VEH000065,TSK002592,1
VEH000299,TSK002592,1
VEH000533,TSK002592,1
VEH000416,TSK002592,1
VEH000058,TSK002592,1
VEH000301,TSK002592,0
VEH000034,TSK002592,1
VEH000043,TSK002592,0
VEH000517,TSK002592,1
VEH000307,TSK002592,0
VEH000422,TSK002592,1
VEH000281,TSK002592,1
VEH000354,TSK002592,0
VEH000386,TSK002592,1
VEH000324,TSK002592,1
VEH000251,TSK002592,0
VEH000313,TSK002592,0
VEH000477,TSK002592,1
VEH000478,TSK002592,1
VEH000265,TSK002592,1
VEH000221,TSK002592,1
VEH000068,TSK002592,1
VEH000431,TSK002592,1
VEH000071,TSK002592,1
VEH000521,TSK002592,0
VEH000053,TSK002592,1
VEH000269,TSK002592,1
VEH000336,TSK002592,0
VEH000341,TSK002592,1
VEH000261,TSK002592,1
VEH000042,TSK002592,1
VEH000353,TSK002592,1
VEH000308,TSK002592,0
VEH000296,TSK002592,1
VEH000078,TSK002592,1
VEH000511,TSK002592,0
VEH000529,TSK002592,0
VEH000220,TSK002592,1
VEH000037,TSK002592,1
VEH000367,TSK002592,1
VEH000368,TSK002592,1
VEH000411,TSK002592,1
VEH000085,TSK002592,1
VEH000098,TSK002592,1
VEH000395,TSK002592,1
VEH000420,TSK002592,0
VEH000083,TSK002592,1
VEH000024,TSK002592,1
VEH000025,TSK002592,1
VEH000280,TSK002592,0
VEH000523,TSK002592,1
VEH000080,TSK002607,1
VEH000323,TSK002607,0
VEH000340,TSK002607,1
VEH000520,TSK002607,1
VEH000379,TSK002607,1
VEH000328,TSK002607,1
VEH000346,TSK002607,1
VEH000305,TSK002607,1
VEH000060,TSK002607,0
VEH000272,TSK002607,1
VEH000352,TSK002607,1
VEH000045,TSK002607,1
VEH000361,TSK002607,0
VEH000257,TSK002607,1
VEH000421,TSK002607,1
VEH000337,TSK002607,1
VEH000248,TSK002607,1
VEH000402,TSK002607,1
VEH000064,TSK002607,1
VEH000459,TSK002607,0
VEH000484,TSK002607,1
VEH000455,TSK002607,0
VEH000373,TSK002607,1
VEH000516,TSK002607,0
VEH000091,TSK002607,0
VEH000011,TSK002607,1
VEH000277,TSK002607,1
VEH000089,TSK002607,1
VEH000288,TSK002607,1
VEH000377,TSK002607,1
VEH000231,TSK002607,1
VEH000092,TSK002607,0
VEH000263,TSK002607,1
VEH000047,TSK002607,1
VEH000095,TSK002607,1
VEH000440,TSK002607,1
VEH000427,TSK002607,1
VEH000031,TSK002607,1
VEH000309,TSK002607,0
VEH000094,TSK002607,1
VEH000003,TSK002607,1
VEH000318,TSK002607,1
VEH000499,TSK002607,0
VEH000388,TSK002607,1
VEH000397,TSK002607,1
VEH000218,TSK002607,1
VEH000467,TSK002607,1
VEH000100,TSK002607,0
VEH000275,TSK002607,1
VEH000065,TSK002607,1
VEH000299,TSK002607,0
VEH000533,TSK002607,1
VEH000416,TSK002607,1
VEH000058,TSK002607,1
VEH000301,TSK002607,1
VEH000034,TSK002607,1
VEH000043,TSK002607,1
VEH000517,TSK002607,0
VEH000307,TSK002607,1
VEH000422,TSK002607,1
VEH000281,TSK002607,1
VEH000354,TSK002607,1
VEH000386,TSK002607,1
VEH000324,TSK002607,0
VEH000251,TSK002607,1
VEH000313,TSK002607,1
VEH000477,TSK002607,1
VEH000478,TSK002607,1
VEH000265,TSK002607,0
VEH000221,TSK002607,0
VEH000068,TSK002607,1
VEH000431,TSK002607,1
VEH000071,TSK002607,1
VEH000521,TSK002607,1
VEH000053,TSK002607,1
VEH000269,TSK002607,1
VEH000336,TSK002607,1
VEH000341,TSK002607,1
VEH000261,TSK002607,1
VEH000042,TSK002607,0
VEH000353,TSK002607,1
VEH000308,TSK002607,1
VEH000296,TSK002607,0
VEH000078,TSK002607,1
VEH000511,TSK002607,1
VEH000529,TSK002607,1
VEH000220,TSK002607,1
VEH000037,TSK002607,1
VEH000367,TSK002607,1
VEH000368,TSK002607,1
VEH000411,TSK002607,1
VEH000085,TSK002607,1
VEH000098,TSK002607,1
VEH000395,TSK002607,1
VEH000420,TSK002607,1
VEH000083,TSK002607,0
VEH000024,TSK002607,1
VEH000025,TSK002607,0
VEH000280,TSK002607,1
VEH000523,TSK002607,1
VEH000080,TSK002636,1
VEH000323,TSK002636,1
VEH000340,TSK002636,1
VEH000520,TSK002636,1
VEH000379,TSK002636,0
VEH000328,TSK002636,1
VEH000346,TSK002636,1
VEH000305,TSK002636,1
VEH000060,TSK002636,1
VEH000272,TSK002636,1
VEH000352,TSK002636,0
VEH000045,TSK002636,1
VEH000361,TSK002636,1
VEH000257,TSK002636,1
VEH000421,TSK002636,1
VEH000337,TSK002636,1
VEH000248,TSK002636,1
VEH000402,TSK002636,1
VEH000064,TSK002636,0
VEH000459,TSK002636,1
VEH000484,TSK002636,1
VEH000455,TSK002636,1
VEH000373,TSK002636,1
VEH000516,TSK002636,1
VEH000091,TSK002636,1
VEH000011,TSK002636,1
VEH000277,TSK002636,0
VEH000089,TSK002636,1
VEH000288,TSK002636,1
VEH000377,TSK002636,1
VEH000231,TSK002636,0
VEH000092,TSK002636,1
VEH000263,TSK002636,1
VEH000047,TSK002636,1
VEH000095,TSK002636,1
VEH000440,TSK002636,1
VEH000427,TSK002636,0
VEH000031,TSK002636,0
VEH000309,TSK002636,0
VEH000094,TSK002636,1
VEH000003,TSK002636,1
VEH000318,TSK002636,1
VEH000499,TSK002636,1
VEH000388,TSK002636,1
VEH000397,TSK002636,1
VEH000218,TSK002636,1
VEH000467,TSK002636,0
VEH000100,TSK002636,1
VEH000275,TSK002636,1
VEH000065,TSK002636,1
VEH000299,TSK002636,1
VEH000533,TSK002636,1
VEH000416,TSK002636,1
VEH000058,TSK002636,1
VEH000301,TSK002636,1
VEH000034,TSK002636,1
VEH000043,TSK002636,1
VEH000517,TSK002636,1
VEH000307,TSK002636,0
VEH000422,TSK002636,1
VEH000281,TSK002636,1
VEH000354,TSK002636,0
VEH000386,TSK002636,1
VEH000324,TSK002636,1
VEH000251,TSK002636,1
VEH000313,TSK002636,1
VEH000477,TSK002636,1
VEH000478,TSK002636,1
VEH000265,TSK002636,1
VEH000221,TSK002636,1
VEH000068,TSK002636,0
VEH000431,TSK002636,1
VEH000071,TSK002636,1
VEH000521,TSK002636,1
VEH000053,TSK002636,1
VEH000269,TSK002636,0
VEH000336,TSK002636,1
VEH000341,TSK002636,1
VEH000261,TSK002636,1
VEH000042,TSK002636,1
VEH000353,TSK002636,0
VEH000308,TSK002636,0
VEH000296,TSK002636,1
VEH000078,TSK002636,1
VEH000511,TSK002636,0
VEH000529,TSK002636,0
VEH000220,TSK002636,0
VEH000037,TSK002636,1
VEH000367,TSK002636,1
VEH000368,TSK002636,1
VEH000411,TSK002636,0
VEH000085,TSK002636,1
VEH000098,TSK002636,1
VEH000395,TSK002636,1
VEH000420,TSK002636,1
VEH000083,TSK002636,1
VEH000024,TSK002636,1
VEH000025,TSK002636,1
VEH000280,TSK002636,1
VEH000523,TSK002636,0
VEH000080,TSK002639,1
VEH000323,TSK002639,0
VEH000340,TSK002639,1
VEH000520,TSK002639,0
VEH000379,TSK002639,0
VEH000328,TSK002639,1
VEH000346,TSK002639,1
VEH000305,TSK002639,1
VEH000060,TSK002639,1
VEH000272,TSK002639,1
VEH000352,TSK002639,1
VEH000045,TSK002639,0
VEH000361,TSK002639,1
VEH000257,TSK002639,1
VEH000421,TSK002639,1
VEH000337,TSK002639,1
VEH000248,TSK002639,0
VEH000402,TSK002639,1
VEH000064,TSK002639,0
VEH000459,TSK002639,1
VEH000484,TSK002639,1
VEH000455,TSK002639,1
VEH000373,TSK002639,1
VEH000516,TSK002639,1
VEH000091,TSK002639,0
VEH000011,TSK002639,1
VEH000277,TSK002639,1
VEH000089,TSK002639,1
VEH000288,TSK002639,0
VEH000377,TSK002639,0
VEH000231,TSK002639,0
VEH000092,TSK002639,1
VEH000263,TSK002639,1
VEH000047,TSK002639,1
VEH000095,TSK002639,1
VEH000440,TSK002639,1
VEH000427,TSK002639,0
VEH000031,TSK002639,1
VEH000309,TSK002639,0
VEH000094,TSK002639,1
VEH000003,TSK002639,0
VEH000318,TSK002639,1
VEH000499,TSK002639,1
VEH000388,TSK002639,1
VEH000397,TSK002639,1
VEH000218,TSK002639,1
VEH000467,TSK002639,1
VEH000100,TSK002639,1
VEH000275,TSK002639,1
VEH000065,TSK002639,1
VEH000299,TSK002639,1
VEH000533,TSK002639,1
VEH000416,TSK002639,1
VEH000058,TSK002639,1
VEH000301,TSK002639,1
VEH000034,TSK002639,1
VEH000043,TSK002639,1
VEH000517,TSK002639,1
VEH000307,TSK002639,1
VEH000422,TSK002639,1
VEH000281,TSK002639,1
VEH000354,TSK002639,1
VEH000386,TSK002639,1
VEH000324,TSK002639,1
VEH000251,TSK002639,1
VEH000313,TSK002639,1
VEH000477,TSK002639,0
VEH000478,TSK002639,1
VEH000265,TSK002639,1
VEH000221,TSK002639,1
VEH000068,TSK002639,1
VEH000431,TSK002639,1
VEH000071,TSK002639,1
VEH000521,TSK002639,1
VEH000053,TSK002639,1
VEH000269,TSK002639,1
VEH000336,TSK002639,1
VEH000341,TSK002639,1
VEH000261,TSK002639,1
VEH000042,TSK002639,1
VEH000353,TSK002639,1
VEH000308,TSK002639,1
VEH000296,TSK002639,1
VEH000078,TSK002639,1
VEH000511,TSK002639,0
VEH000529,TSK002639,0
VEH000220,TSK002639,1
VEH000037,TSK002639,1
VEH000367,TSK002639,1
VEH000368,TSK002639,0
VEH000411,TSK002639,0
VEH000085,TSK002639,1
VEH000098,TSK002639,1
VEH000395,TSK002639,1
VEH000420,TSK002639,1
VEH000083,TSK002639,0
VEH000024,TSK002639,1
VEH000025,TSK002639,1
VEH000280,TSK002639,1
VEH000523,TSK002639,0
VEH000080,TSK002684,0
VEH000323,TSK002684,1
VEH000340,TSK002684,1
VEH000520,TSK002684,1
VEH000379,TSK002684,1
VEH000328,TSK002684,0
VEH000346,TSK002684,0
VEH000305,TSK002684,1
VEH000060,TSK002684,1
VEH000272,TSK002684,0
VEH000352,TSK002684,0
VEH000045,TSK002684,1
VEH000361,TSK002684,1
VEH000257,TSK002684,0
VEH000421,TSK002684,1
VEH000337,TSK002684,1
VEH000248,TSK002684,0
VEH000402,TSK002684,1
VEH000064,TSK002684,1
VEH000459,TSK002684,1
VEH000484,TSK002684,1
VEH000455,TSK002684,1
VEH000373,TSK002684,1
VEH000516,TSK002684,0
VEH000091,TSK002684,1
VEH000011,TSK002684,1
VEH000277,TSK002684,1
VEH000089,TSK002684,1
VEH000288,TSK002684,1
VEH000377,TSK002684,0
VEH000231,TSK002684,1
VEH000092,TSK002684,1
VEH000263,TSK002684,1
VEH000047,TSK002684,1
VEH000095,TSK002684,0
VEH000440,TSK002684,1
VEH000427,TSK002684,1
VEH000031,TSK002684,1
VEH000309,TSK002684,1
VEH000094,TSK002684,1
VEH000003,TSK002684,1
VEH000318,TSK002684,1
VEH000499,TSK002684,0
VEH000388,TSK002684,1
VEH000397,TSK002684,1
VEH000218,TSK002684,1
VEH000467,TSK002684,1
VEH000100,TSK002684,1
VEH000275,TSK002684,1
VEH000065,TSK002684,1
VEH000299,TSK002684,1
VEH000533,TSK002684,1
VEH000416,TSK002684,1
VEH000058,TSK002684,1
VEH000301,TSK002684,1
VEH000034,TSK002684,1
VEH000043,TSK002684,1
VEH000517,TSK002684,0
VEH000307,TSK002684,0
VEH000422,TSK002684,1
VEH000281,TSK002684,1
VEH000354,TSK002684,1
VEH000386,TSK002684,0
VEH000324,TSK002684,1
VEH000251,TSK002684,1
VEH000313,TSK002684,1
VEH000477,TSK002684,1
VEH000478,TSK002684,1
VEH000265,TSK002684,1
VEH000221,TSK002684,1
VEH000068,TSK002684,1
VEH000431,TSK002684,1
VEH000071,TSK002684,1
VEH000521,TSK002684,1
VEH000053,TSK002684,1
VEH000269,TSK002684,1
VEH000336,TSK002684,1
VEH000341,TSK002684,1
VEH000261,TSK002684,1
VEH000042,TSK002684,1
VEH000353,TSK002684,1
VEH000308,TSK002684,1
VEH000296,TSK002684,0
VEH000078,TSK002684,0
VEH000511,TSK002684,1
VEH000529,TSK002684,1
VEH000220,TSK002684,1
VEH000037,TSK002684,0
VEH000367,TSK002684,0
VEH000368,TSK002684,0
VEH000411,TSK002684,1
VEH000085,TSK002684,1
VEH000098,TSK002684,1
VEH000395,TSK002684,1
VEH000420,TSK002684,1
VEH000083,TSK002684,1
VEH000024,TSK002684,1
VEH000025,TSK002684,1
VEH000280,TSK002684,1
VEH000523,TSK002684,0
VEH000080,TSK002689,1
VEH000323,TSK002689,1
VEH000340,TSK002689,1
VEH000520,TSK002689,1
VEH000379,TSK002689,1
VEH000328,TSK002689,0
VEH000346,TSK002689,1
VEH000305,TSK002689,1
VEH000060,TSK002689,1
VEH000272,TSK002689,1
VEH000352,TSK002689,1
VEH000045,TSK002689,1
VEH000361,TSK002689,0
VEH000257,TSK002689,1
VEH000421,TSK002689,1
VEH000337,TSK002689,0
VEH000248,TSK002689,0
VEH000402,TSK002689,1
VEH000064,TSK002689,1
VEH000459,TSK002689,1
VEH000484,TSK002689,1
VEH000455,TSK002689,1
VEH000373,TSK002689,1
VEH000516,TSK002689,1
VEH000091,TSK002689,0
VEH000011,TSK002689,1
VEH000277,TSK002689,1
VEH000089,TSK002689,1
VEH000288,TSK002689,0
VEH000377,TSK002689,1
VEH000231,TSK002689,1
VEH000092,TSK002689,1
VEH000263,TSK002689,1
VEH000047,TSK002689,1
VEH000095,TSK002689,1
VEH000440,TSK002689,1
VEH000427,TSK002689,1
VEH000031,TSK002689,1
VEH000309,TSK002689,1
VEH000094,TSK002689,1
VEH000003,TSK002689,1
VEH000318,TSK002689,1
VEH000499,TSK002689,1
VEH000388,TSK002689,1
VEH000397,TSK002689,0
VEH000218,TSK002689,0
VEH000467,TSK002689,1
VEH000100,TSK002689,0
VEH000275,TSK002689,0
VEH000065,TSK002689,1
VEH000299,TSK002689,0
VEH000533,TSK002689,1
VEH000416,TSK002689,1
VEH000058,TSK002689,1
VEH000301,TSK002689,1
VEH000034,TSK002689,1
VEH000043,TSK002689,1
VEH000517,TSK002689,0
VEH000307,TSK002689,1
VEH000422,TSK002689,0
VEH000281,TSK002689,1
VEH000354,TSK002689,1
VEH000386,TSK002689,1
VEH000324,TSK002689,1
VEH000251,TSK002689,1
VEH000313,TSK002689,0
VEH000477,TSK002689,1
VEH000478,TSK002689,1
VEH000265,TSK002689,1
VEH000221,TSK002689,1
VEH000068,TSK002689,1
VEH000431,TSK002689,0
VEH000071,TSK002689,0
VEH000521,TSK002689,0
VEH000053,TSK002689,1
VEH000269,TSK002689,1
VEH000336,TSK002689,1
VEH000341,TSK002689,0
VEH000261,TSK002689,1
VEH000042,TSK002689,1
VEH000353,TSK002689,1
VEH000308,TSK002689,1
VEH000296,TSK002689,1
VEH000078,TSK002689,1
VEH000511,TSK002689,1
VEH000529,TSK002689,1
VEH000220,TSK002689,1
VEH000037,TSK002689,0
VEH000367,TSK002689,1
VEH000368,TSK002689,1
VEH000411,TSK002689,0
VEH000085,TSK002689,1
VEH000098,TSK002689,1
VEH000395,TSK002689,1
VEH000420,TSK002689,1
VEH000083,TSK002689,1
VEH000024,TSK002689,1
VEH000025,TSK002689,1
VEH000280,TSK002689,1
VEH000523,TSK002689,1
VEH000080,TSK002706,1
VEH000323,TSK002706,1
VEH000340,TSK002706,1
VEH000520,TSK002706,1
VEH000379,TSK002706,1
VEH000328,TSK002706,1
VEH000346,TSK002706,1
VEH000305,TSK002706,0
VEH000060,TSK002706,0
VEH000272,TSK002706,1
VEH000352,TSK002706,0
VEH000045,TSK002706,0
VEH000361,TSK002706,1
VEH000257,TSK002706,0
VEH000421,TSK002706,1
VEH000337,TSK002706,1
VEH000248,TSK002706,1
VEH000402,TSK002706,0
VEH000064,TSK002706,1
VEH000459,TSK002706,1
VEH000484,TSK002706,0
VEH000455,TSK002706,1
VEH000373,TSK002706,1
VEH000516,TSK002706,1
VEH000091,TSK002706,1
VEH000011,TSK002706,1
VEH000277,TSK002706,1
VEH000089,TSK002706,1
VEH000288,TSK002706,0
VEH000377,TSK002706,0
VEH000231,TSK002706,0
VEH000092,TSK002706,1
VEH000263,TSK002706,1
VEH000047,TSK002706,1
VEH000095,TSK002706,1
VEH000440,TSK002706,1
VEH000427,TSK002706,1
VEH000031,TSK002706,1
VEH000309,TSK002706,1
VEH000094,TSK002706,1
VEH000003,TSK002706,1
VEH000318,TSK002706,1
VEH000499,TSK002706,1
VEH000388,TSK002706,0
VEH000397,TSK002706,1
VEH000218,TSK002706,1
VEH000467,TSK002706,1
VEH000100,TSK002706,1
VEH000275,TSK002706,1
VEH000065,TSK002706,0
VEH000299,TSK002706,1
VEH000533,TSK002706,1
VEH000416,TSK002706,1
VEH000058,TSK002706,1
VEH000301,TSK002706,1
VEH000034,TSK002706,1
VEH000043,TSK002706,1
VEH000517,TSK002706,1
VEH000307,TSK002706,1
VEH000422,TSK002706,0
VEH000281,TSK002706,1
VEH000354,TSK002706,1
VEH000386,TSK002706,1
VEH000324,TSK002706,0
VEH000251,TSK002706,1
VEH000313,TSK002706,1
VEH000477,TSK002706,0
VEH000478,TSK002706,0
VEH000265,TSK002706,1
VEH000221,TSK002706,1
VEH000068,TSK002706,1
VEH000431,TSK002706,1
VEH000071,TSK002706,1
VEH000521,TSK002706,1
VEH000053,TSK002706,1
VEH000269,TSK002706,1
VEH000336,TSK002706,0
VEH000341,TSK002706,1
VEH000261,TSK002706,1
VEH000042,TSK002706,1
VEH000353,TSK002706,1
VEH000308,TSK002706,0
VEH000296,TSK002706,1
VEH000078,TSK002706,0
VEH000511,TSK002706,0
VEH000529,TSK002706,1
VEH000220,TSK002706,1
VEH000037,TSK002706,1
VEH000367,TSK002706,1
VEH000368,TSK002706,1
VEH000411,TSK002706,1
VEH000085,TSK002706,1
VEH000098,TSK002706,1
VEH000395,TSK002706,1
VEH000420,TSK002706,1
VEH000083,TSK002706,1
VEH000024,TSK002706,1
VEH000025,TSK002706,1
VEH000280,TSK002706,1
VEH000523,TSK002706,1
VEH000080,TSK002727,1
VEH000323,TSK002727,1
VEH000340,TSK002727,0
VEH000520,TSK002727,1
VEH000379,TSK002727,1
VEH000328,TSK002727,1
VEH000346,TSK002727,1
VEH000305,TSK002727,0
VEH000060,TSK002727,0
VEH000272,TSK002727,1
VEH000352,TSK002727,1
VEH000045,TSK002727,0
VEH000361,TSK002727,1
VEH000257,TSK002727,1
VEH000421,TSK002727,1
VEH000337,TSK002727,1
VEH000248,TSK002727,1
VEH000402,TSK002727,1
VEH000064,TSK002727,1
VEH000459,TSK002727,1
VEH000484,TSK002727,1
VEH000455,TSK002727,1
VEH000373,TSK002727,0
VEH000516,TSK002727,0
VEH000091,TSK002727,1
VEH000011,TSK002727,0
VEH000277,TSK002727,1
VEH000089,TSK002727,0
VEH000288,TSK002727,1
VEH000377,TSK002727,1
VEH000231,TSK002727,1
VEH000092,TSK002727,0
VEH000263,TSK002727,1
VEH000047,TSK002727,1
VEH000095,TSK002727,1
VEH000440,TSK002727,0
VEH000427,TSK002727,1
VEH000031,TSK002727,0
VEH000309,TSK002727,0
VEH000094,TSK002727,1
VEH000003,TSK002727,1
VEH000318,TSK002727,1
VEH000499,TSK002727,1
VEH000388,TSK002727,1
VEH000397,TSK002727,0
VEH000218,TSK002727,1
VEH000467,TSK002727,1
VEH000100,TSK002727,1
VEH000275,TSK002727,1
VEH000065,TSK002727,1
VEH000299,TSK002727,1
VEH000533,TSK002727,1
VEH000416,TSK002727,1
VEH000058,TSK002727,0
VEH000301,TSK002727,1
VEH000034,TSK002727,1
VEH000043,TSK002727,1
VEH000517,TSK002727,0
VEH000307,TSK002727,1
VEH000422,TSK002727,1
VEH000281,TSK002727,1
VEH000354,TSK002727,1
VEH000386,TSK002727,0
VEH000324,TSK002727,0
VEH000251,TSK002727,1
VEH000313,TSK002727,1
VEH000477,TSK002727,1
VEH000478,TSK002727,1
VEH000265,TSK002727,1
VEH000221,TSK002727,1
VEH000068,TSK002727,1
VEH000431,TSK002727,1
VEH000071,TSK002727,1
VEH000521,TSK002727,1
VEH000053,TSK002727,0
VEH000269,TSK002727,1
VEH000336,TSK002727,1
VEH000341,TSK002727,1
VEH000261,TSK002727,1
VEH000042,TSK002727,1
VEH000353,TSK002727,0
VEH000308,TSK002727,1
VEH000296,TSK002727,1
VEH000078,TSK002727,1
VEH000511,TSK002727,1
VEH000529,TSK002727,1
VEH000220,TSK002727,1
VEH000037,TSK002727,1
VEH000367,TSK002727,1
VEH000368,TSK002727,1
VEH000411,TSK002727,1
VEH000085,TSK002727,1
VEH000098,TSK002727,1
VEH000395,TSK002727,1
VEH000420,TSK002727,1
VEH000083,TSK002727,1
VEH000024,TSK002727,1
VEH000025,TSK002727,0
VEH000280,TSK002727,1
VEH000523,TSK002727,1
VEH000080,TSK002775,1
VEH000323,TSK002775,1
VEH000340,TSK002775,0
VEH000520,TSK002775,1
VEH000379,TSK002775,1
VEH000328,TSK002775,1
VEH000346,TSK002775,1
VEH000305,TSK002775,1
VEH000060,TSK002775,1
VEH000272,TSK002775,1
VEH000352,TSK002775,1
VEH000045,TSK002775,0
VEH000361,TSK002775,1
VEH000257,TSK002775,0
VEH000421,TSK002775,1
VEH000337,TSK002775,1
VEH000248,TSK002775,1
VEH000402,TSK002775,1
VEH000064,TSK002775,1
VEH000459,TSK002775,1
VEH000484,TSK002775,1
VEH000455,TSK002775,1
VEH000373,TSK002775,1
VEH000516,TSK002775,1
VEH000091,TSK002775,1
VEH000011,TSK002775,1
VEH000277,TSK002775,1
VEH000089,TSK002775,1
VEH000288,TSK002775,1
VEH000377,TSK002775,0
VEH000231,TSK002775,1
VEH000092,TSK002775,1
VEH000263,TSK002775,1
VEH000047,TSK002775,1
VEH000095,TSK002775,1
VEH000440,TSK002775,1
VEH000427,TSK002775,1
VEH000031,TSK002775,1
VEH000309,TSK002775,1
VEH000094,TSK002775,1
VEH000003,TSK002775,1
VEH000318,TSK002775,1
VEH000499,TSK002775,1
VEH000388,TSK002775,1
VEH000397,TSK002775,1
VEH000218,TSK002775,1
VEH000467,TSK002775,1
VEH000100,TSK002775,1
VEH000275,TSK002775,0
VEH000065,TSK002775,1
VEH000299,TSK002775,1
VEH000533,TSK002775,1
VEH000416,TSK002775,1
VEH000058,TSK002775,1
VEH000301,TSK002775,1
VEH000034,TSK002775,1
VEH000043,TSK002775,0
VEH000517,TSK002775,0
VEH000307,TSK002775,1
VEH000422,TSK002775,0
VEH000281,TSK002775,0
VEH000354,TSK002775,0
VEH000386,TSK002775,1
VEH000324,TSK002775,0
VEH000251,TSK002775,1
VEH000313,TSK002775,1
VEH000477,TSK002775,1
VEH000478,TSK002775,1
VEH000265,TSK002775,0
VEH000221,TSK002775,1
VEH000068,TSK002775,1
VEH000431,TSK002775,0
VEH000071,TSK002775,0
VEH000521,TSK002775,0
VEH000053,TSK002775,1
VEH000269,TSK002775,0
VEH000336,TSK002775,1
VEH000341,TSK002775,1
VEH000261,TSK002775,1
VEH000042,TSK002775,1
VEH000353,TSK002775,1
VEH000308,TSK002775,1
VEH000296,TSK002775,0
VEH000078,TSK002775,1
VEH000511,TSK002775,1
VEH000529,TSK002775,1
VEH000220,TSK002775,0
VEH000037,TSK002775,1
VEH000367,TSK002775,1
VEH000368,TSK002775,1
VEH000411,TSK002775,1
VEH000085,TSK002775,1
VEH000098,TSK002775,1
VEH000395,TSK002775,0
VEH000420,TSK002775,1
VEH000083,TSK002775,1
VEH000024,TSK002775,1
VEH000025,TSK002775,1
VEH000280,TSK002775,1
VEH000523,TSK002775,0
VEH000080,TSK002798,0
VEH000323,TSK002798,1
VEH000340,TSK002798,0
VEH000520,TSK002798,1
VEH000379,TSK002798,0
VEH000328,TSK002798,0
VEH000346,TSK002798,1
VEH000305,TSK002798,1
VEH000060,TSK002798,0
VEH000272,TSK002798,1
VEH000352,TSK002798,1
VEH000045,TSK002798,1
VEH000361,TSK002798,1
VEH000257,TSK002798,1
VEH000421,TSK002798,1
VEH000337,TSK002798,0
VEH000248,TSK002798,1
VEH000402,TSK002798,1
VEH000064,TSK002798,1
VEH000459,TSK002798,0
VEH000484,TSK002798,1
VEH000455,TSK002798,1
VEH000373,TSK002798,1
VEH000516,TSK002798,1
VEH000091,TSK002798,0
VEH000011,TSK002798,0
VEH000277,TSK002798,1
VEH000089,TSK002798,0
VEH000288,TSK002798,1
VEH000377,TSK002798,1
VEH000231,TSK002798,1
VEH000092,TSK002798,1
VEH000263,TSK002798,0
VEH000047,TSK002798,1
VEH000095,TSK002798,1
VEH000440,TSK002798,0
VEH000427,TSK002798,1
VEH000031,TSK002798,1
VEH000309,TSK002798,1
VEH000094,TSK002798,1
VEH000003,TSK002798,1
VEH000318,TSK002798,1
VEH000499,TSK002798,1
VEH000388,TSK002798,1
VEH000397,TSK002798,1
VEH000218,TSK002798,0
VEH000467,TSK002798,1
VEH000100,TSK002798,1
VEH000275,TSK002798,1
VEH000065,TSK002798,1
VEH000299,TSK002798,1
VEH000533,TSK002798,1
VEH000416,TSK002798,0
VEH000058,TSK002798,1
VEH000301,TSK002798,0
VEH000034,TSK002798,1
VEH000043,TSK002798,1
VEH000517,TSK002798,1
VEH000307,TSK002798,1
VEH000422,TSK002798,1
VEH000281,TSK002798,1
VEH000354,TSK002798,1
VEH000386,TSK002798,1
VEH000324,TSK002798,1
VEH000251,TSK002798,1
VEH000313,TSK002798,1
VEH000477,TSK002798,1
VEH000478,TSK002798,1
VEH000265,TSK002798,1
VEH000221,TSK002798,1
VEH000068,TSK002798,1
VEH000431,TSK002798,1
VEH000071,TSK002798,1
VEH000521,TSK002798,1
VEH000053,TSK002798,0
VEH000269,TSK002798,1
VEH000336,TSK002798,1
VEH000341,TSK002798,1
VEH000261,TSK002798,1
VEH000042,TSK002798,0
VEH000353,TSK002798,1
VEH000308,TSK002798,1
VEH000296,TSK002798,1
VEH000078,TSK002798,1
VEH000511,TSK002798,1
VEH000529,TSK002798,1
VEH000220,TSK002798,0
VEH000037,TSK002798,1
VEH000367,TSK002798,1
VEH000368,TSK002798,1
VEH000411,TSK002798,1
VEH000085,TSK002798,0
VEH000098,TSK002798,1
VEH000395,TSK002798,1
VEH000420,TSK002798,1
VEH000083,TSK002798,1
VEH000024,TSK002798,1
VEH000025,TSK002798,1
VEH000280,TSK002798,1
VEH000523,TSK002798,0
VEH000080,TSK002808,1
VEH000323,TSK002808,1
VEH000340,TSK002808,1
VEH000520,TSK002808,1
VEH000379,TSK002808,1
VEH000328,TSK002808,1
VEH000346,TSK002808,1
VEH000305,TSK002808,1
VEH000060,TSK002808,1
VEH000272,TSK002808,1
VEH000352,TSK002808,1
VEH000045,TSK002808,1
VEH000361,TSK002808,1
VEH000257,TSK002808,1
VEH000421,TSK002808,1
VEH000337,TSK002808,1
VEH000248,TSK002808,1
VEH000402,TSK002808,1
VEH000064,TSK002808,0
VEH000459,TSK002808,1
VEH000484,TSK002808,1
VEH000455,TSK002808,0
VEH000373,TSK002808,1
VEH000516,TSK002808,1
VEH000091,TSK002808,0
VEH000011,TSK002808,0
VEH000277,TSK002808,1
VEH000089,TSK002808,1
VEH000288,TSK002808,1
VEH000377,TSK002808,1
VEH000231,TSK002808,1
VEH000092,TSK002808,1
VEH000263,TSK002808,1
VEH000047,TSK002808,1
VEH000095,TSK002808,1
VEH000440,TSK002808,0
VEH000427,TSK002808,1
VEH000031,TSK002808,1
VEH000309,TSK002808,1
VEH000094,TSK002808,1
VEH000003,TSK002808,0
VEH000318,TSK002808,0
VEH000499,TSK002808,1
VEH000388,TSK002808,1
VEH000397,TSK002808,1
VEH000218,TSK002808,1
VEH000467,TSK002808,1
VEH000100,TSK002808,0
VEH000275,TSK002808,1
VEH000065,TSK002808,1
VEH000299,TSK002808,1
VEH000533,TSK002808,0
VEH000416,TSK002808,1
VEH000058,TSK002808,1
VEH000301,TSK002808,0
VEH000034,TSK002808,1
VEH000043,TSK002808,1
VEH000517,TSK002808,0
VEH000307,TSK002808,0
VEH000422,TSK002808,1
VEH000281,TSK002808,1
VEH000354,TSK002808,1
VEH000386,TSK002808,0
VEH000324,TSK002808,1
VEH000251,TSK002808,1
VEH000313,TSK002808,1
VEH000477,TSK002808,1
VEH000478,TSK002808,1
VEH000265,TSK002808,1
VEH000221,TSK002808,1
VEH000068,TSK002808,1
VEH000431,TSK002808,1
VEH000071,TSK002808,1
VEH000521,TSK002808,1
VEH000053,TSK002808,1
VEH000269,TSK002808,1
VEH000336,TSK002808,1
VEH000341,TSK002808,1
VEH000261,TSK002808,0
VEH000042,TSK002808,1
VEH000353,TSK002808,1
VEH000308,TSK002808,1
VEH000296,TSK002808,1
VEH000078,TSK002808,1
VEH000511,TSK002808,1
VEH000529,TSK002808,1
VEH000220,TSK002808,0
VEH000037,TSK002808,1
VEH000367,TSK002808,1
VEH000368,TSK002808,0
VEH000411,TSK002808,0
VEH000085,TSK002808,1
VEH000098,TSK002808,1
VEH000395,TSK002808,1
VEH000420,TSK002808,0
VEH000083,TSK002808,1
VEH000024,TSK002808,0
VEH000025,TSK002808,1
VEH000280,TSK002808,0
VEH000523,TSK002808,1
VEH000080,TSK002848,1
VEH000323,TSK002848,1
VEH000340,TSK002848,0
VEH000520,TSK002848,1
VEH000379,TSK002848,0
VEH000328,TSK002848,1
VEH000346,TSK002848,0
VEH000305,TSK002848,1
VEH000060,TSK002848,1
VEH000272,TSK002848,1
VEH000352,TSK002848,1
VEH000045,TSK002848,1
VEH000361,TSK002848,1
VEH000257,TSK002848,0
VEH000421,TSK002848,1
VEH000337,TSK002848,0
VEH000248,TSK002848,1
VEH000402,TSK002848,1
VEH000064,TSK002848,0
VEH000459,TSK002848,0
VEH000484,TSK002848,1
VEH000455,TSK002848,1
VEH000373,TSK002848,1
VEH000516,TSK002848,1
VEH000091,TSK002848,1
VEH000011,TSK002848,0
VEH000277,TSK002848,1
VEH000089,TSK002848,1
VEH000288,TSK002848,0
VEH000377,TSK002848,1
VEH000231,TSK002848,1
VEH000092,TSK002848,1
VEH000263,TSK002848,1
VEH000047,TSK002848,0
VEH000095,TSK002848,1
VEH000440,TSK002848,1
VEH000427,TSK002848,1
VEH000031,TSK002848,1
VEH000309,TSK002848,1
VEH000094,TSK002848,1
VEH000003,TSK002848,1
VEH000318,TSK002848,1
VEH000499,TSK002848,1
VEH000388,TSK002848,1
VEH000397,TSK002848,0
VEH000218,TSK002848,0
VEH000467,TSK002848,1
VEH000100,TSK002848,0
VEH000275,TSK002848,1
VEH000065,TSK002848,1
VEH000299,TSK002848,0
VEH000533,TSK002848,1
VEH000416,TSK002848,1
VEH000058,TSK002848,1
VEH000301,TSK002848,1
VEH000034,TSK002848,1
VEH000043,TSK002848,1
VEH000517,TSK002848,1
VEH000307,TSK002848,1
VEH000422,TSK002848,1
VEH000281,TSK002848,0
VEH000354,TSK002848,1
VEH000386,TSK002848,1
VEH000324,TSK002848,1
VEH000251,TSK002848,1
VEH000313,TSK002848,0
VEH000477,TSK002848,0
VEH000478,TSK002848,1
VEH000265,TSK002848,1
VEH000221,TSK002848,1
VEH000068,TSK002848,1
VEH000431,TSK002848,1
VEH000071,TSK002848,1
VEH000521,TSK002848,1
VEH000053,TSK002848,1
VEH000269,TSK002848,1
VEH000336,TSK002848,1
VEH000341,TSK002848,1
VEH000261,TSK002848,1
VEH000042,TSK002848,1
VEH000353,TSK002848,0
VEH000308,TSK002848,1
VEH000296,TSK002848,1
VEH000078,TSK002848,0
VEH000511,TSK002848,1
VEH000529,TSK002848,1
VEH000220,TSK002848,1
VEH000037,TSK002848,1
VEH000367,TSK002848,1
VEH000368,TSK002848,0
VEH000411,TSK002848,1
VEH000085,TSK002848,1
VEH000098,TSK002848,1
VEH000395,TSK002848,1
VEH000420,TSK002848,1
VEH000083,TSK002848,1
VEH000024,TSK002848,1
VEH000025,TSK002848,1
VEH000280,TSK002848,1
VEH000523,TSK002848,1
VEH000080,TSK002852,1
VEH000323,TSK002852,1
VEH000340,TSK002852,0
VEH000520,TSK002852,1
VEH000379,TSK002852,1
VEH000328,TSK002852,1
VEH000346,TSK002852,0
VEH000305,TSK002852,1
VEH000060,TSK002852,1
VEH000272,TSK002852,1
VEH000352,TSK002852,0
VEH000045,TSK002852,1
VEH000361,TSK002852,1
VEH000257,TSK002852,1
VEH000421,TSK002852,1
VEH000337,TSK002852,1
VEH000248,TSK002852,1
VEH000402,TSK002852,1
VEH000064,TSK002852,1
VEH000459,TSK002852,1
VEH000484,TSK002852,1
VEH000455,TSK002852,1
VEH000373,TSK002852,1
VEH000516,TSK002852,1
VEH000091,TSK002852,0
VEH000011,TSK002852,0
VEH000277,TSK002852,1
VEH000089,TSK002852,1
VEH000288,TSK002852,1
VEH000377,TSK002852,1
VEH000231,TSK002852,1
VEH000092,TSK002852,1
VEH000263,TSK002852,1
VEH000047,TSK002852,1
VEH000095,TSK002852,0
VEH000440,TSK002852,1
VEH000427,TSK002852,0
VEH000031,TSK002852,1
VEH000309,TSK002852,0
VEH000094,TSK002852,1
VEH000003,TSK002852,1
VEH000318,TSK002852,0
VEH000499,TSK002852,0
VEH000388,TSK002852,1
VEH000397,TSK002852,1
VEH000218,TSK002852,1
VEH000467,TSK002852,0
VEH000100,TSK002852,1
VEH000275,TSK002852,1
VEH000065,TSK002852,0
VEH000299,TSK002852,1
VEH000533,TSK002852,1
VEH000416,TSK002852,1
VEH000058,TSK002852,1
VEH000301,TSK002852,1
VEH000034,TSK002852,0
VEH000043,TSK002852,1
VEH000517,TSK002852,1
VEH000307,TSK002852,1
VEH000422,TSK002852,1
VEH000281,TSK002852,1
VEH000354,TSK002852,1
VEH000386,TSK002852,1
VEH000324,TSK002852,1
VEH000251,TSK002852,1
VEH000313,TSK002852,1
VEH000477,TSK002852,1
VEH000478,TSK002852,1
VEH000265,TSK002852,0
VEH000221,TSK002852,1
VEH000068,TSK002852,0
VEH000431,TSK002852,1
VEH000071,TSK002852,1
VEH000521,TSK002852,1
VEH000053,TSK002852,1
VEH000269,TSK002852,1
VEH000336,TSK002852,1
VEH000341,TSK002852,1
VEH000261,TSK002852,1
VEH000042,TSK002852,1
VEH000353,TSK002852,1
VEH000308,TSK002852,1
VEH000296,TSK002852,1
VEH000078,TSK002852,0
VEH000511,TSK002852,1
VEH000529,TSK002852,0
VEH000220,TSK002852,1
VEH000037,TSK002852,1
VEH000367,TSK002852,1
VEH000368,TSK002852,1
VEH000411,TSK002852,0
VEH000085,TSK002852,1
VEH000098,TSK002852,1
VEH000395,TSK002852,1
VEH000420,TSK002852,0
VEH000083,TSK002852,1
VEH000024,TSK002852,1
VEH000025,TSK002852,1
VEH000280,TSK002852,0
VEH000523,TSK002852,1
VEH000080,TSK002891,1
VEH000323,TSK002891,1
VEH000340,TSK002891,1
VEH000520,TSK002891,1
VEH000379,TSK002891,1
VEH000328,TSK002891,1
VEH000346,TSK002891,1
VEH000305,TSK002891,1
VEH000060,TSK002891,1
VEH000272,TSK002891,0
VEH000352,TSK002891,1
VEH000045,TSK002891,0
VEH000361,TSK002891,1
VEH000257,TSK002891,1
VEH000421,TSK002891,0
VEH000337,TSK002891,1
VEH000248,TSK002891,1
VEH000402,TSK002891,0
VEH000064,TSK002891,1
VEH000459,TSK002891,1
VEH000484,TSK002891,1
VEH000455,TSK002891,1
VEH000373,TSK002891,1
VEH000516,TSK002891,1
VEH000091,TSK002891,1
VEH000011,TSK002891,1
VEH000277,TSK002891,0
VEH000089,TSK002891,1
VEH000288,TSK002891,1
VEH000377,TSK002891,1
VEH000231,TSK002891,0
VEH000092,TSK002891,1
VEH000263,TSK002891,1
VEH000047,TSK002891,1
VEH000095,TSK002891,0
VEH000440,TSK002891,1
VEH000427,TSK002891,0
VEH000031,TSK002891,1
VEH000309,TSK002891,1
VEH000094,TSK002891,1
VEH000003,TSK002891,1
VEH000318,TSK002891,1
VEH000499,TSK002891,1
VEH000388,TSK002891,1
VEH000397,TSK002891,1
VEH000218,TSK002891,1
VEH000467,TSK002891,1
VEH000100,TSK002891,1
VEH000275,TSK002891,1
VEH000065,TSK002891,1
VEH000299,TSK002891,1
VEH000533,TSK002891,0
VEH000416,TSK002891,1
VEH000058,TSK002891,1
VEH000301,TSK002891,1
VEH000034,TSK002891,1
VEH000043,TSK002891,0
VEH000517,TSK002891,0
VEH000307,TSK002891,0
VEH000422,TSK002891,1
VEH000281,TSK002891,1
VEH000354,TSK002891,0
VEH000386,TSK002891,1
VEH000324,TSK002891,1
VEH000251,TSK002891,0
VEH000313,TSK002891,0
VEH000477,TSK002891,1
VEH000478,TSK002891,1
VEH000265,TSK002891,1
VEH000221,TSK002891,1
VEH000068,TSK002891,1
VEH000431,TSK002891,1
VEH000071,TSK002891,1
VEH000521,TSK002891,1
VEH000053,TSK002891,1
VEH000269,TSK002891,0
VEH000336,TSK002891,1
VEH000341,TSK002891,1
VEH000261,TSK002891,1
VEH000042,TSK002891,1
VEH000353,TSK002891,1
VEH000308,TSK002891,1
VEH000296,TSK002891,1
VEH000078,TSK002891,1
VEH000511,TSK002891,1
VEH000529,TSK002891,1
VEH000220,TSK002891,0
VEH000037,TSK002891,0
VEH000367,TSK002891,1
VEH000368,TSK002891,1
VEH000411,TSK002891,1
VEH000085,TSK002891,1
VEH000098,TSK002891,1
VEH000395,TSK002891,0
VEH000420,TSK002891,0
VEH000083,TSK002891,1
VEH000024,TSK002891,1
VEH000025,TSK002891,1
VEH000280,TSK002891,1
VEH000523,TSK002891,1
VEH000080,TSK002950,0
VEH000323,TSK002950,1
VEH000340,TSK002950,0
VEH000520,TSK002950,1
VEH000379,TSK002950,1
VEH000328,TSK002950,1
VEH000346,TSK002950,1
VEH000305,TSK002950,1
VEH000060,TSK002950,0
VEH000272,TSK002950,1
VEH000352,TSK002950,1
VEH000045,TSK002950,1
VEH000361,TSK002950,1
VEH000257,TSK002950,0
VEH000421,TSK002950,1
VEH000337,TSK002950,1
VEH000248,TSK002950,1
VEH000402,TSK002950,1
VEH000064,TSK002950,0
VEH000459,TSK002950,1
VEH000484,TSK002950,1
VEH000455,TSK002950,1
VEH000373,TSK002950,1
VEH000516,TSK002950,1
VEH000091,TSK002950,1
VEH000011,TSK002950,1
VEH000277,TSK002950,1
VEH000089,TSK002950,1
VEH000288,TSK002950,1
VEH000377,TSK002950,1
VEH000231,TSK002950,1
VEH000092,TSK002950,1
VEH000263,TSK002950,1
VEH000047,TSK002950,1
VEH000095,TSK002950,1
VEH000440,TSK002950,1
VEH000427,TSK002950,1
VEH000031,TSK002950,1
VEH000309,TSK002950,1
VEH000094,TSK002950,1
VEH000003,TSK002950,1
VEH000318,TSK002950,1
VEH000499,TSK002950,1
VEH000388,TSK002950,1
VEH000397,TSK002950,1
VEH000218,TSK002950,1
VEH000467,TSK002950,1
VEH000100,TSK002950,1
VEH000275,TSK002950,1
VEH000065,TSK002950,1
VEH000299,TSK002950,1
VEH000533,TSK002950,0
VEH000416,TSK002950,1
VEH000058,TSK002950,1
VEH000301,TSK002950,0
VEH000034,TSK002950,0
VEH000043,TSK002950,1
VEH000517,TSK002950,0
VEH000307,TSK002950,0
VEH000422,TSK002950,1
VEH000281,TSK002950,1
VEH000354,TSK002950,0
VEH000386,TSK002950,0
VEH000324,TSK002950,1
VEH000251,TSK002950,1
VEH000313,TSK002950,1
VEH000477,TSK002950,1
VEH000478,TSK002950,0
VEH000265,TSK002950,1
VEH000221,TSK002950,1
VEH000068,TSK002950,1
VEH000431,TSK002950,0
VEH000071,TSK002950,1
VEH000521,TSK002950,0
VEH000053,TSK002950,0
VEH000269,TSK002950,1
VEH000336,TSK002950,1
VEH000341,TSK002950,1
VEH000261,TSK002950,1
VEH000042,TSK002950,0
VEH000353,TSK002950,1
VEH000308,TSK002950,1
VEH000296,TSK002950,1
VEH000078,TSK002950,1
VEH000511,TSK002950,1
VEH000529,TSK002950,0
VEH000220,TSK002950,0
VEH000037,TSK002950,0
VEH000367,TSK002950,1
VEH000368,TSK002950,1
VEH000411,TSK002950,1
VEH000085,TSK002950,1
VEH000098,TSK002950,1
VEH000395,TSK002950,1
VEH000420,TSK002950,1
VEH000083,TSK002950,1
VEH000024,TSK002950,1
VEH000025,TSK002950,1
VEH000280,TSK002950,1
VEH000523,TSK002950,1
VEH000080,TSK003053,1
VEH000323,TSK003053,1
VEH000340,TSK003053,1
VEH000520,TSK003053,1
VEH000379,TSK003053,1
VEH000328,TSK003053,0
VEH000346,TSK003053,0
VEH000305,TSK003053,1
VEH000060,TSK003053,1
VEH000272,TSK003053,1
VEH000352,TSK003053,1
VEH000045,TSK003053,1
VEH000361,TSK003053,1
VEH000257,TSK003053,1
VEH000421,TSK003053,0
VEH000337,TSK003053,1
VEH000248,TSK003053,1
VEH000402,TSK003053,1
VEH000064,TSK003053,1
VEH000459,TSK003053,1
VEH000484,TSK003053,1
VEH000455,TSK003053,0
VEH000373,TSK003053,1
VEH000516,TSK003053,1
VEH000091,TSK003053,1
VEH000011,TSK003053,1
VEH000277,TSK003053,0
VEH000089,TSK003053,1
VEH000288,TSK003053,1
VEH000377,TSK003053,1
VEH000231,TSK003053,1
VEH000092,TSK003053,1
VEH000263,TSK003053,1
VEH000047,TSK003053,0
VEH000095,TSK003053,1
VEH000440,TSK003053,0
VEH000427,TSK003053,0
VEH000031,TSK003053,1
VEH000309,TSK003053,0
VEH000094,TSK003053,0
VEH000003,TSK003053,1
VEH000318,TSK003053,1
VEH000499,TSK003053,1
VEH000388,TSK003053,1
VEH000397,TSK003053,1
VEH000218,TSK003053,1
VEH000467,TSK003053,1
VEH000100,TSK003053,1
VEH000275,TSK003053,1
VEH000065,TSK003053,1
VEH000299,TSK003053,1
VEH000533,TSK003053,1
VEH000416,TSK003053,0
VEH000058,TSK003053,1
VEH000301,TSK003053,1
VEH000034,TSK003053,0
VEH000043,TSK003053,0
VEH000517,TSK003053,1
VEH000307,TSK003053,1
VEH000422,TSK003053,1
VEH000281,TSK003053,1
VEH000354,TSK003053,1
VEH000386,TSK003053,1
VEH000324,TSK003053,1
VEH000251,TSK003053,1
VEH000313,TSK003053,1
VEH000477,TSK003053,1
VEH000478,TSK003053,1
VEH000265,TSK003053,1
VEH000221,TSK003053,0
VEH000068,TSK003053,0
VEH000431,TSK003053,1
VEH000071,TSK003053,1
VEH000521,TSK003053,1
VEH000053,TSK003053,0
VEH000269,TSK003053,1
VEH000336,TSK003053,1
VEH000341,TSK003053,1
VEH000261,TSK003053,1
VEH000042,TSK003053,1
VEH000353,TSK003053,1
VEH000308,TSK003053,1
VEH000296,TSK003053,1
VEH000078,TSK003053,1
VEH000511,TSK003053,1
VEH000529,TSK003053,1
VEH000220,TSK003053,0
VEH000037,TSK003053,1
VEH000367,TSK003053,0
VEH000368,TSK003053,1
VEH000411,TSK003053,1
VEH000085,TSK003053,1
VEH000098,TSK003053,1
VEH000395,TSK003053,0
VEH000420,TSK003053,1
VEH000083,TSK003053,1
VEH000024,TSK003053,0
VEH000025,TSK003053,1
VEH000280,TSK003053,1
VEH000523,TSK003053,1
VEH000080,TSK003092,1
VEH000323,TSK003092,1
VEH000340,TSK003092,0
VEH000520,TSK003092,0
VEH000379,TSK003092,1
VEH000328,TSK003092,1
VEH000346,TSK003092,0
VEH000305,TSK003092,1
VEH000060,TSK003092,1
VEH000272,TSK003092,1
VEH000352,TSK003092,1
VEH000045,TSK003092,1
VEH000361,TSK003092,1
VEH000257,TSK003092,1
VEH000421,TSK003092,1
VEH000337,TSK003092,1
VEH000248,TSK003092,0
VEH000402,TSK003092,1
VEH000064,TSK003092,0
VEH000459,TSK003092,0
VEH000484,TSK003092,1
VEH000455,TSK003092,1
VEH000373,TSK003092,1
VEH000516,TSK003092,1
VEH000091,TSK003092,1
VEH000011,TSK003092,1
VEH000277,TSK003092,1
VEH000089,TSK003092,1
VEH000288,TSK003092,1
VEH000377,TSK003092,1
VEH000231,TSK003092,1
VEH000092,TSK003092,0
VEH000263,TSK003092,1
VEH000047,TSK003092,1
VEH000095,TSK003092,0
VEH000440,TSK003092,0
VEH000427,TSK003092,0
VEH000031,TSK003092,1
VEH000309,TSK003092,1
VEH000094,TSK003092,1
VEH000003,TSK003092,0
VEH000318,TSK003092,1
VEH000499,TSK003092,1
VEH000388,TSK003092,1
VEH000397,TSK003092,0
VEH000218,TSK003092,0
VEH000467,TSK003092,1
VEH000100,TSK003092,0
VEH000275,TSK003092,1
VEH000065,TSK003092,1
VEH000299,TSK003092,1
VEH000533,TSK003092,1
VEH000416,TSK003092,1
VEH000058,TSK003092,1
VEH000301,TSK003092,1
VEH000034,TSK003092,1
VEH000043,TSK003092,1
VEH000517,TSK003092,1
VEH000307,TSK003092,1
VEH000422,TSK003092,1
VEH000281,TSK003092,1
VEH000354,TSK003092,1
VEH000386,TSK003092,1
VEH000324,TSK003092,1
VEH000251,TSK003092,1
VEH000313,TSK003092,0
VEH000477,TSK003092,1
VEH000478,TSK003092,1
VEH000265,TSK003092,1
VEH000221,TSK003092,1
VEH000068,TSK003092,1
VEH000431,TSK003092,1
VEH000071,TSK003092,1
VEH000521,TSK003092,1
VEH000053,TSK003092,0
VEH000269,TSK003092,1
VEH000336,TSK003092,1
VEH000341,TSK003092,0
VEH000261,TSK003092,1
VEH000042,TSK003092,1
VEH000353,TSK003092,1
VEH000308,TSK003092,1
VEH000296,TSK003092,1
VEH000078,TSK003092,1
VEH000511,TSK003092,1
VEH000529,TSK003092,1
VEH000220,TSK003092,1
VEH000037,TSK003092,0
VEH000367,TSK003092,0
VEH000368,TSK003092,1
VEH000411,TSK003092,1
VEH000085,TSK003092,1
VEH000098,TSK003092,1
VEH000395,TSK003092,1
VEH000420,TSK003092,1
VEH000083,TSK003092,1
VEH000024,TSK003092,1
VEH000025,TSK003092,0
VEH000280,TSK003092,1
VEH000523,TSK003092,1
VEH000080,TSK003148,1
VEH000323,TSK003148,1
VEH000340,TSK003148,1
VEH000520,TSK003148,1
VEH000379,TSK003148,1
VEH000328,TSK003148,1
VEH000346,TSK003148,1
VEH000305,TSK003148,1
VEH000060,TSK003148,1
VEH000272,TSK003148,0
VEH000352,TSK003148,1
VEH000045,TSK003148,1
VEH000361,TSK003148,1
VEH000257,TSK003148,1
VEH000421,TSK003148,1
VEH000337,TSK003148,0
VEH000248,TSK003148,1
VEH000402,TSK003148,0
VEH000064,TSK003148,1
VEH000459,TSK003148,1
VEH000484,TSK003148,1
VEH000455,TSK003148,0
VEH000373,TSK003148,1
VEH000516,TSK003148,1
VEH000091,TSK003148,0
VEH000011,TSK003148,0
VEH000277,TSK003148,0
VEH000089,TSK003148,1
VEH000288,TSK003148,1
VEH000377,TSK003148,1
VEH000231,TSK003148,1
VEH000092,TSK003148,1
VEH000263,TSK003148,1
VEH000047,TSK003148,1
VEH000095,TSK003148,0
VEH000440,TSK003148,1
VEH000427,TSK003148,1
VEH000031,TSK003148,1
VEH000309,TSK003148,1
VEH000094,TSK003148,1
VEH000003,TSK003148,1
VEH000318,TSK003148,0
VEH000499,TSK003148,1
VEH000388,TSK003148,1
VEH000397,TSK003148,1
VEH000218,TSK003148,1
VEH000467,TSK003148,0
VEH000100,TSK003148,1
VEH000275,TSK003148,0
VEH000065,TSK003148,1
VEH000299,TSK003148,1
VEH000533,TSK003148,0
VEH000416,TSK003148,1
VEH000058,TSK003148,1
VEH000301,TSK003148,1
VEH000034,TSK003148,1
VEH000043,TSK003148,1
VEH000517,TSK003148,0
VEH000307,TSK003148,1
VEH000422,TSK003148,1
VEH000281,TSK003148,1
VEH000354,TSK003148,1
VEH000386,TSK003148,1
VEH000324,TSK003148,1
VEH000251,TSK003148,0
VEH000313,TSK003148,0
VEH000477,TSK003148,1
VEH000478,TSK003148,1
VEH000265,TSK003148,1
VEH000221,TSK003148,1
VEH000068,TSK003148,1
VEH000431,TSK003148,1
VEH000071,TSK003148,1
VEH000521,TSK003148,0
VEH000053,TSK003148,1
VEH000269,TSK003148,1
VEH000336,TSK003148,1
VEH000341,TSK003148,1
VEH000261,TSK003148,1
VEH000042,TSK003148,1
VEH000353,TSK003148,1
VEH000308,TSK003148,1
VEH000296,TSK003148,1
VEH000078,TSK003148,1
VEH000511,TSK003148,1
VEH000529,TSK003148,1
VEH000220,TSK003148,0
VEH000037,TSK003148,1
VEH000367,TSK003148,1
VEH000368,TSK003148,1
VEH000411,TSK003148,1
VEH000085,TSK003148,0
VEH000098,TSK003148,1
VEH000395,TSK003148,0
VEH000420,TSK003148,1
VEH000083,TSK003148,1
VEH000024,TSK003148,1
VEH000025,TSK003148,0
VEH000280,TSK003148,1
VEH000523,TSK003148,1
VEH000080,TSK003159,1
VEH000323,TSK003159,0
VEH000340,TSK003159,1
VEH000520,TSK003159,1
VEH000379,TSK003159,1
VEH000328,TSK003159,1
VEH000346,TSK003159,1
VEH000305,TSK003159,0
VEH000060,TSK003159,0
VEH000272,TSK003159,1
VEH000352,TSK003159,1
VEH000045,TSK003159,1
VEH000361,TSK003159,1
VEH000257,TSK003159,1
VEH000421,TSK003159,1
VEH000337,TSK003159,1
VEH000248,TSK003159,1
VEH000402,TSK003159,1
VEH000064,TSK003159,1
VEH000459,TSK003159,1
VEH000484,TSK003159,1
VEH000455,TSK003159,1
VEH000373,TSK003159,1
VEH000516,TSK003159,1
VEH000091,TSK003159,1
VEH000011,TSK003159,1
VEH000277,TSK003159,1
VEH000089,TSK003159,0
VEH000288,TSK003159,0
VEH000377,TSK003159,1
VEH000231,TSK003159,1
VEH000092,TSK003159,1
VEH000263,TSK003159,1
VEH000047,TSK003159,1
VEH000095,TSK003159,1
VEH000440,TSK003159,1
VEH000427,TSK003159,0
VEH000031,TSK003159,0
VEH000309,TSK003159,0
VEH000094,TSK003159,1
VEH000003,TSK003159,1
VEH000318,TSK003159,1
VEH000499,TSK003159,1
VEH000388,TSK003159,1
VEH000397,TSK003159,1
VEH000218,TSK003159,1
VEH000467,TSK003159,0
VEH000100,TSK003159,1
VEH000275,TSK003159,1
VEH000065,TSK003159,0
VEH000299,TSK003159,1
VEH000533,TSK003159,1
VEH000416,TSK003159,1
VEH000058,TSK003159,0
VEH000301,TSK003159,1
VEH000034,TSK003159,1
VEH000043,TSK003159,1
VEH000517,TSK003159,1
VEH000307,TSK003159,0
VEH000422,TSK003159,1
VEH000281,TSK003159,1
VEH000354,TSK003159,1
VEH000386,TSK003159,0
VEH000324,TSK003159,0
VEH000251,TSK003159,1
VEH000313,TSK003159,1
VEH000477,TSK003159,1
VEH000478,TSK003159,1
VEH000265,TSK003159,1
VEH000221,TSK003159,1
VEH000068,TSK003159,1
VEH000431,TSK003159,1
VEH000071,TSK003159,1
VEH000521,TSK003159,1
VEH000053,TSK003159,1
VEH000269,TSK003159,0
VEH000336,TSK003159,1
VEH000341,TSK003159,1
VEH000261,TSK003159,1
VEH000042,TSK003159,1
VEH000353,TSK003159,1
VEH000308,TSK003159,1
VEH000296,TSK003159,1
VEH000078,TSK003159,1
VEH000511,TSK003159,1
VEH000529,TSK003159,1
VEH000220,TSK003159,1
VEH000037,TSK003159,1
VEH000367,TSK003159,0
VEH000368,TSK003159,0
VEH000411,TSK003159,1
VEH000085,TSK003159,1
VEH000098,TSK003159,0
VEH000395,TSK003159,0
VEH000420,TSK003159,1
VEH000083,TSK003159,1
VEH000024,TSK003159,1
VEH000025,TSK003159,1
VEH000280,TSK003159,1
VEH000523,TSK003159,0
VEH000080,TSK003193,1
VEH000323,TSK003193,1
VEH000340,TSK003193,1
VEH000520,TSK003193,1
VEH000379,TSK003193,1
VEH000328,TSK003193,1
VEH000346,TSK003193,1
VEH000305,TSK003193,1
VEH000060,TSK003193,1
VEH000272,TSK003193,1
VEH000352,TSK003193,1
VEH000045,TSK003193,1
VEH000361,TSK003193,1
VEH000257,TSK003193,0
VEH000421,TSK003193,0
VEH000337,TSK003193,0
VEH000248,TSK003193,1
VEH000402,TSK003193,0
VEH000064,TSK003193,1
VEH000459,TSK003193,1
VEH000484,TSK003193,0
VEH000455,TSK003193,1
VEH000373,TSK003193,1
VEH000516,TSK003193,1
VEH000091,TSK003193,1
VEH000011,TSK003193,1
VEH000277,TSK003193,0
VEH000089,TSK003193,0
VEH000288,TSK003193,1
VEH000377,TSK003193,0
VEH000231,TSK003193,1
VEH000092,TSK003193,0
VEH000263,TSK003193,1
VEH000047,TSK003193,0
VEH000095,TSK003193,0
VEH000440,TSK003193,1
VEH000427,TSK003193,1
VEH000031,TSK003193,1
VEH000309,TSK003193,0
VEH000094,TSK003193,1
VEH000003,TSK003193,1
VEH000318,TSK003193,1
VEH000499,TSK003193,1
VEH000388,TSK003193,1
VEH000397,TSK003193,1
VEH000218,TSK003193,1
VEH000467,TSK003193,1
VEH000100,TSK003193,1
VEH000275,TSK003193,1
VEH000065,TSK003193,1
VEH000299,TSK003193,0
VEH000533,TSK003193,1
VEH000416,TSK003193,1
VEH000058,TSK003193,1
VEH000301,TSK003193,1
VEH000034,TSK003193,1
VEH000043,TSK003193,1
VEH000517,TSK003193,1
VEH000307,TSK003193,1
VEH000422,TSK003193,1
VEH000281,TSK003193,1
VEH000354,TSK003193,1
VEH000386,TSK003193,1
VEH000324,TSK003193,1
VEH000251,TSK003193,1
VEH000313,TSK003193,1
VEH000477,TSK003193,1
VEH000478,TSK003193,1
VEH000265,TSK003193,1
VEH000221,TSK003193,1
VEH000068,TSK003193,1
VEH000431,TSK003193,1
VEH000071,TSK003193,0
VEH000521,TSK003193,1
VEH000053,TSK003193,1
VEH000269,TSK003193,0
VEH000336,TSK003193,1
VEH000341,TSK003193,1
VEH000261,TSK003193,0
VEH000042,TSK003193,0
VEH000353,TSK003193,1
VEH000308,TSK003193,1
VEH000296,TSK003193,1
VEH000078,TSK003193,0
VEH000511,TSK003193,1
VEH000529,TSK003193,1
VEH000220,TSK003193,0
VEH000037,TSK003193,1
VEH000367,TSK003193,1
VEH000368,TSK003193,0
VEH000411,TSK003193,1
VEH000085,TSK003193,1
VEH000098,TSK003193,1
VEH000395,TSK003193,1
VEH000420,TSK003193,1
VEH000083,TSK003193,1
VEH000024,TSK003193,1
VEH000025,TSK003193,1
VEH000280,TSK003193,1
VEH000523,TSK003193,1
VEH000080,TSK003206,0
VEH000323,TSK003206,1
VEH000340,TSK003206,1
VEH000520,TSK003206,1
VEH000379,TSK003206,0
VEH000328,TSK003206,1
VEH000346,TSK003206,1
VEH000305,TSK003206,0
VEH000060,TSK003206,1
VEH000272,TSK003206,1
VEH000352,TSK003206,1
VEH000045,TSK003206,1
VEH000361,TSK003206,1
VEH000257,TSK003206,0
VEH000421,TSK003206,1
VEH000337,TSK003206,1
VEH000248,TSK003206,1
VEH000402,TSK003206,1
VEH000064,TSK003206,0
VEH000459,TSK003206,1
VEH000484,TSK003206,1
VEH000455,TSK003206,1
VEH000373,TSK003206,1
VEH000516,TSK003206,1
VEH000091,TSK003206,1
VEH000011,TSK003206,1
VEH000277,TSK003206,1
VEH000089,TSK003206,1
VEH000288,TSK003206,1
VEH000377,TSK003206,1
VEH000231,TSK003206,0
VEH000092,TSK003206,1
VEH000263,TSK003206,1
VEH000047,TSK003206,0
VEH000095,TSK003206,1
VEH000440,TSK003206,0
VEH000427,TSK003206,0
VEH000031,TSK003206,1
VEH000309,TSK003206,1
VEH000094,TSK003206,1
VEH000003,TSK003206,1
VEH000318,TSK003206,1
VEH000499,TSK003206,1
VEH000388,TSK003206,1
VEH000397,TSK003206,1
VEH000218,TSK003206,1
VEH000467,TSK003206,1
VEH000100,TSK003206,1
VEH000275,TSK003206,0
VEH000065,TSK003206,1
VEH000299,TSK003206,1
VEH000533,TSK003206,1
VEH000416,TSK003206,0
VEH000058,TSK003206,1
VEH000301,TSK003206,1
VEH000034,TSK003206,1
VEH000043,TSK003206,0
VEH000517,TSK003206,1
VEH000307,TSK003206,1
VEH000422,TSK003206,1
VEH000281,TSK003206,1
VEH000354,TSK003206,0
VEH000386,TSK003206,1
VEH000324,TSK003206,1
VEH000251,TSK003206,1
VEH000313,TSK003206,1
VEH000477,TSK003206,1
VEH000478,TSK003206,0
VEH000265,TSK003206,0
VEH000221,TSK003206,1
VEH000068,TSK003206,1
VEH000431,TSK003206,1
VEH000071,TSK003206,1
VEH000521,TSK003206,1
VEH000053,TSK003206,1
VEH000269,TSK003206,0
VEH000336,TSK003206,1
VEH000341,TSK003206,1
VEH000261,TSK003206,1
VEH000042,TSK003206,1
VEH000353,TSK003206,1
VEH000308,TSK003206,1
VEH000296,TSK003206,1
VEH000078,TSK003206,1
VEH000511,TSK003206,1
VEH000529,TSK003206,1
VEH000220,TSK003206,0
VEH000037,TSK003206,1
VEH000367,TSK003206,0
VEH000368,TSK003206,0
VEH000411,TSK003206,1
VEH000085,TSK003206,1
VEH000098,TSK003206,0
VEH000395,TSK003206,1
VEH000420,TSK003206,1
VEH000083,TSK003206,1
VEH000024,TSK003206,1
VEH000025,TSK003206,1
VEH000280,TSK003206,1
VEH000523,TSK003206,1
VEH000080,TSK003242,1
VEH000323,TSK003242,0
VEH000340,TSK003242,1
VEH000520,TSK003242,1
VEH000379,TSK003242,1
VEH000328,TSK003242,1
VEH000346,TSK003242,1
VEH000305,TSK003242,1
VEH000060,TSK003242,1
VEH000272,TSK003242,1
VEH000352,TSK003242,1
VEH000045,TSK003242,1
VEH000361,TSK003242,0
VEH000257,TSK003242,1
VEH000421,TSK003242,1
VEH000337,TSK003242,1
VEH000248,TSK003242,1
VEH000402,TSK003242,0
VEH000064,TSK003242,1
VEH000459,TSK003242,1
VEH000484,TSK003242,0
VEH000455,TSK003242,1
VEH000373,TSK003242,1
VEH000516,TSK003242,1
VEH000091,TSK003242,0
VEH000011,TSK003242,1
VEH000277,TSK003242,1
VEH000089,TSK003242,0
VEH000288,TSK003242,1
VEH000377,TSK003242,1
VEH000231,TSK003242,1
VEH000092,TSK003242,1
VEH000263,TSK003242,0
VEH000047,TSK003242,1
VEH000095,TSK003242,1
VEH000440,TSK003242,1
VEH000427,TSK003242,1
VEH000031,TSK003242,1
VEH000309,TSK003242,1
VEH000094,TSK003242,0
VEH000003,TSK003242,1
VEH000318,TSK003242,1
VEH000499,TSK003242,1
VEH000388,TSK003242,0
VEH000397,TSK003242,0
VEH000218,TSK003242,1
VEH000467,TSK003242,0
VEH000100,TSK003242,1
VEH000275,TSK003242,1
VEH000065,TSK003242,1
VEH000299,TSK003242,1
VEH000533,TSK003242,0
VEH000416,TSK003242,1
VEH000058,TSK003242,1
VEH000301,TSK003242,1
VEH000034,TSK003242,1
VEH000043,TSK003242,1
VEH000517,TSK003242,1
VEH000307,TSK003242,1
VEH000422,TSK003242,1
VEH000281,TSK003242,1
VEH000354,TSK003242,1
VEH000386,TSK003242,1
VEH000324,TSK003242,0
VEH000251,TSK003242,1
VEH000313,TSK003242,1
VEH000477,TSK003242,1
VEH000478,TSK003242,1
VEH000265,TSK003242,1
VEH000221,TSK003242,1
VEH000068,TSK003242,0
VEH000431,TSK003242,1
VEH000071,TSK003242,1
VEH000521,TSK003242,1
VEH000053,TSK003242,0
VEH000269,TSK003242,1
VEH000336,TSK003242,1
VEH000341,TSK003242,1
VEH000261,TSK003242,1
VEH000042,TSK003242,1
VEH000353,TSK003242,1
VEH000308,TSK003242,0
VEH000296,TSK003242,1
VEH000078,TSK003242,1
VEH000511,TSK003242,1
VEH000529,TSK003242,1
VEH000220,TSK003242,0
VEH000037,TSK003242,0
VEH000367,TSK003242,0
VEH000368,TSK003242,1
VEH000411,TSK003242,1
VEH000085,TSK003242,1
VEH000098,TSK003242,1
VEH000395,TSK003242,1
VEH000420,TSK003242,1
VEH000083,TSK003242,0
VEH000024,TSK003242,1
VEH000025,TSK003242,1
VEH000280,TSK003242,1
VEH000523,TSK003242,1
VEH000080,TSK003334,1
VEH000323,TSK003334,0
VEH000340,TSK003334,1
VEH000520,TSK003334,1
VEH000379,TSK003334,1
VEH000328,TSK003334,0
VEH000346,TSK003334,1
VEH000305,TSK003334,1
VEH000060,TSK003334,0
VEH000272,TSK003334,1
VEH000352,TSK003334,1
VEH000045,TSK003334,1
VEH000361,TSK003334,1
VEH000257,TSK003334,1
VEH000421,TSK003334,1
VEH000337,TSK003334,1
VEH000248,TSK003334,1
VEH000402,TSK003334,1
VEH000064,TSK003334,0
VEH000459,TSK003334,1
VEH000484,TSK003334,1
VEH000455,TSK003334,1
VEH000373,TSK003334,1
VEH000516,TSK003334,1
VEH000091,TSK003334,1
VEH000011,TSK003334,0
VEH000277,TSK003334,1
VEH000089,TSK003334,1
VEH000288,TSK003334,0
VEH000377,TSK003334,1
VEH000231,TSK003334,1
VEH000092,TSK003334,1
VEH000263,TSK003334,1
VEH000047,TSK003334,1
VEH000095,TSK003334,1
VEH000440,TSK003334,1
VEH000427,TSK003334,0
VEH000031,TSK003334,0
VEH000309,TSK003334,1
VEH000094,TSK003334,1
VEH000003,TSK003334,1
VEH000318,TSK003334,1
VEH000499,TSK003334,1
VEH000388,TSK003334,1
VEH000397,TSK003334,1
VEH000218,TSK003334,1
VEH000467,TSK003334,1
VEH000100,TSK003334,0
VEH000275,TSK003334,1
VEH000065,TSK003334,1
VEH000299,TSK003334,1
VEH000533,TSK003334,1
VEH000416,TSK003334,1
VEH000058,TSK003334,0
VEH000301,TSK003334,1
VEH000034,TSK003334,1
VEH000043,TSK003334,1
VEH000517,TSK003334,1
VEH000307,TSK003334,1
VEH000422,TSK003334,1
VEH000281,TSK003334,1
VEH000354,TSK003334,1
VEH000386,TSK003334,1
VEH000324,TSK003334,1
VEH000251,TSK003334,1
VEH000313,TSK003334,1
VEH000477,TSK003334,1
VEH000478,TSK003334,1
VEH000265,TSK003334,1
VEH000221,TSK003334,1
VEH000068,TSK003334,1
VEH000431,TSK003334,0
VEH000071,TSK003334,1
VEH000521,TSK003334,1
VEH000053,TSK003334,0
VEH000269,TSK003334,1
VEH000336,TSK003334,0
VEH000341,TSK003334,1
VEH000261,TSK003334,1
VEH000042,TSK003334,1
VEH000353,TSK003334,1
VEH000308,TSK003334,1
VEH000296,TSK003334,1
VEH000078,TSK003334,0
VEH000511,TSK003334,1
VEH000529,TSK003334,0
VEH000220,TSK003334,1
VEH000037,TSK003334,1
VEH000367,TSK003334,0
VEH000368,TSK003334,1
VEH000411,TSK003334,1
VEH000085,TSK003334,0
VEH000098,TSK003334,1
VEH000395,TSK003334,0
VEH000420,TSK003334,1
VEH000083,TSK003334,0
VEH000024,TSK003334,1
VEH000025,TSK003334,1
VEH000280,TSK003334,1
VEH000523,TSK003334,0
VEH000080,TSK003426,0
VEH000323,TSK003426,1
VEH000340,TSK003426,1
VEH000520,TSK003426,1
VEH000379,TSK003426,1
VEH000328,TSK003426,1
VEH000346,TSK003426,1
VEH000305,TSK003426,1
VEH000060,TSK003426,0
VEH000272,TSK003426,0
VEH000352,TSK003426,1
VEH000045,TSK003426,1
VEH000361,TSK003426,1
VEH000257,TSK003426,1
VEH000421,TSK003426,1
VEH000337,TSK003426,1
VEH000248,TSK003426,1
VEH000402,TSK003426,1
VEH000064,TSK003426,1
VEH000459,TSK003426,1
VEH000484,TSK003426,1
VEH000455,TSK003426,1
VEH000373,TSK003426,1
VEH000516,TSK003426,1
VEH000091,TSK003426,1
VEH000011,TSK003426,0
VEH000277,TSK003426,1
VEH000089,TSK003426,1
VEH000288,TSK003426,0
VEH000377,TSK003426,1
VEH000231,TSK003426,1
VEH000092,TSK003426,1
VEH000263,TSK003426,1
VEH000047,TSK003426,1
VEH000095,TSK003426,1
VEH000440,TSK003426,1
VEH000427,TSK003426,0
VEH000031,TSK003426,1
VEH000309,TSK003426,0
VEH000094,TSK003426,1
VEH000003,TSK003426,0
VEH000318,TSK003426,0
VEH000499,TSK003426,1
VEH000388,TSK003426,1
VEH000397,TSK003426,0
VEH000218,TSK003426,1
VEH000467,TSK003426,0
VEH000100,TSK003426,1
VEH000275,TSK003426,0
VEH000065,TSK003426,1
VEH000299,TSK003426,1
VEH000533,TSK003426,1
VEH000416,TSK003426,0
VEH000058,TSK003426,1
VEH000301,TSK003426,1
VEH000034,TSK003426,1
VEH000043,TSK003426,1
VEH000517,TSK003426,1
VEH000307,TSK003426,1
VEH000422,TSK003426,1
VEH000281,TSK003426,1
VEH000354,TSK003426,0
VEH000386,TSK003426,0
VEH000324,TSK003426,1
VEH000251,TSK003426,1
VEH000313,TSK003426,1
VEH000477,TSK003426,0
VEH000478,TSK003426,1
VEH000265,TSK003426,1
VEH000221,TSK003426,0
VEH000068,TSK003426,1
VEH000431,TSK003426,1
VEH000071,TSK003426,1
VEH000521,TSK003426,1
VEH000053,TSK003426,1
VEH000269,TSK003426,1
VEH000336,TSK003426,1
VEH000341,TSK003426,1
VEH000261,TSK003426,1
VEH000042,TSK003426,1
VEH000353,TSK003426,0
VEH000308,TSK003426,1
VEH000296,TSK003426,1
VEH000078,TSK003426,1
VEH000511,TSK003426,1
VEH000529,TSK003426,1
VEH000220,TSK003426,0
VEH000037,TSK003426,1
VEH000367,TSK003426,1
VEH000368,TSK003426,1
VEH000411,TSK003426,1
VEH000085,TSK003426,1
VEH000098,TSK003426,1
VEH000395,TSK003426,1
VEH000420,TSK003426,1
VEH000083,TSK003426,1
VEH000024,TSK003426,1
VEH000025,TSK003426,1
VEH000280,TSK003426,0
VEH000523,TSK003426,1
VEH000080,TSK003456,1
VEH000323,TSK003456,1
VEH000340,TSK003456,1
VEH000520,TSK003456,1
VEH000379,TSK003456,1
VEH000328,TSK003456,1
VEH000346,TSK003456,1
VEH000305,TSK003456,1
VEH000060,TSK003456,1
VEH000272,TSK003456,1
VEH000352,TSK003456,1
VEH000045,TSK003456,1
VEH000361,TSK003456,1
VEH000257,TSK003456,1
VEH000421,TSK003456,1
VEH000337,TSK003456,1
VEH000248,TSK003456,1
VEH000402,TSK003456,1
VEH000064,TSK003456,1
VEH000459,TSK003456,0
VEH000484,TSK003456,1
VEH000455,TSK003456,1
VEH000373,TSK003456,1
VEH000516,TSK003456,1
VEH000091,TSK003456,0
VEH000011,TSK003456,0
VEH000277,TSK003456,1
VEH000089,TSK003456,1
VEH000288,TSK003456,1
VEH000377,TSK003456,1
VEH000231,TSK003456,1
VEH000092,TSK003456,0
VEH000263,TSK003456,1
VEH000047,TSK003456,1
VEH000095,TSK003456,1
VEH000440,TSK003456,1
VEH000427,TSK003456,0
VEH000031,TSK003456,1
VEH000309,TSK003456,1
VEH000094,TSK003456,1
VEH000003,TSK003456,0
VEH000318,TSK003456,1
VEH000499,TSK003456,1
VEH000388,TSK003456,1
VEH000397,TSK003456,1
VEH000218,TSK003456,1
VEH000467,TSK003456,1
VEH000100,TSK003456,0
VEH000275,TSK003456,1
VEH000065,TSK003456,0
VEH000299,TSK003456,1
VEH000533,TSK003456,0
VEH000416,TSK003456,1
VEH000058,TSK003456,1
VEH000301,TSK003456,1
VEH000034,TSK003456,1
VEH000043,TSK003456,1
VEH000517,TSK003456,0
VEH000307,TSK003456,1
VEH000422,TSK003456,1
VEH000281,TSK003456,1
VEH000354,TSK003456,0
VEH000386,TSK003456,0
VEH000324,TSK003456,1
VEH000251,TSK003456,0
VEH000313,TSK003456,1
VEH000477,TSK003456,0
VEH000478,TSK003456,1
VEH000265,TSK003456,1
VEH000221,TSK003456,0
VEH000068,TSK003456,1
VEH000431,TSK003456,1
VEH000071,TSK003456,1
VEH000521,TSK003456,1
VEH000053,TSK003456,1
VEH000269,TSK003456,1
VEH000336,TSK003456,1
VEH000341,TSK003456,1
VEH000261,TSK003456,1
VEH000042,TSK003456,1
VEH000353,TSK003456,1
VEH000308,TSK003456,1
VEH000296,TSK003456,1
VEH000078,TSK003456,1
VEH000511,TSK003456,1
VEH000529,TSK003456,1
VEH000220,TSK003456,1
VEH000037,TSK003456,1
VEH000367,TSK003456,0
VEH000368,TSK003456,1
VEH000411,TSK003456,1
VEH000085,TSK003456,1
VEH000098,TSK003456,1
VEH000395,TSK003456,0
VEH000420,TSK003456,1
VEH000083,TSK003456,1
VEH000024,TSK003456,0
VEH000025,TSK003456,0
VEH000280,TSK003456,1
VEH000523,TSK003456,0
VEH000080,TSK003552,1
VEH000323,TSK003552,1
VEH000340,TSK003552,1
VEH000520,TSK003552,1
VEH000379,TSK003552,1
VEH000328,TSK003552,1
VEH000346,TSK003552,1
VEH000305,TSK003552,1
VEH000060,TSK003552,1
VEH000272,TSK003552,1
VEH000352,TSK003552,1
VEH000045,TSK003552,1
VEH000361,TSK003552,1
VEH000257,TSK003552,1
VEH000421,TSK003552,1
VEH000337,TSK003552,1
VEH000248,TSK003552,1
VEH000402,TSK003552,1
VEH000064,TSK003552,0
VEH000459,TSK003552,0
VEH000484,TSK003552,1
VEH000455,TSK003552,1
VEH000373,TSK003552,1
VEH000516,TSK003552,1
VEH000091,TSK003552,1
VEH000011,TSK003552,1
VEH000277,TSK003552,1
VEH000089,TSK003552,1
VEH000288,TSK003552,1
VEH000377,TSK003552,1
VEH000231,TSK003552,0
VEH000092,TSK003552,1
VEH000263,TSK003552,1
VEH000047,TSK003552,0
VEH000095,TSK003552,0
VEH000440,TSK003552,0
VEH000427,TSK003552,1
VEH000031,TSK003552,0
VEH000309,TSK003552,1
VEH000094,TSK003552,1
VEH000003,TSK003552,1
VEH000318,TSK003552,1
VEH000499,TSK003552,1
VEH000388,TSK003552,0
VEH000397,TSK003552,1
VEH000218,TSK003552,1
VEH000467,TSK003552,0
VEH000100,TSK003552,1
VEH000275,TSK003552,1
VEH000065,TSK003552,1
VEH000299,TSK003552,1
VEH000533,TSK003552,1
VEH000416,TSK003552,1
VEH000058,TSK003552,0
VEH000301,TSK003552,1
VEH000034,TSK003552,1
VEH000043,TSK003552,1
VEH000517,TSK003552,0
VEH000307,TSK003552,1
VEH000422,TSK003552,1
VEH000281,TSK003552,1
VEH000354,TSK003552,1
VEH000386,TSK003552,0
VEH000324,TSK003552,1
VEH000251,TSK003552,1
VEH000313,TSK003552,1
VEH000477,TSK003552,1
VEH000478,TSK003552,0
VEH000265,TSK003552,1
VEH000221,TSK003552,1
VEH000068,TSK003552,1
VEH000431,TSK003552,1
VEH000071,TSK003552,0
VEH000521,TSK003552,0
VEH000053,TSK003552,1
VEH000269,TSK003552,1
VEH000336,TSK003552,1
VEH000341,TSK003552,1
VEH000261,TSK003552,1
VEH000042,TSK003552,1
VEH000353,TSK003552,1
VEH000308,TSK003552,0
VEH000296,TSK003552,1
VEH000078,TSK003552,1
VEH000511,TSK003552,1
VEH000529,TSK003552,1
VEH000220,TSK003552,1
VEH000037,TSK003552,1
VEH000367,TSK003552,0
VEH000368,TSK003552,1
VEH000411,TSK003552,1
VEH000085,TSK003552,0
VEH000098,TSK003552,1
VEH000395,TSK003552,1
VEH000420,TSK003552,1
VEH000083,TSK003552,1
VEH000024,TSK003552,0
VEH000025,TSK003552,1
VEH000280,TSK003552,0
VEH000523,TSK003552,1
VEH000080,TSK003556,0
VEH000323,TSK003556,1
VEH000340,TSK003556,1
VEH000520,TSK003556,0
VEH000379,TSK003556,1
VEH000328,TSK003556,1
VEH000346,TSK003556,1
VEH000305,TSK003556,0
VEH000060,TSK003556,1
VEH000272,TSK003556,1
VEH000352,TSK003556,0
VEH000045,TSK003556,1
VEH000361,TSK003556,1
VEH000257,TSK003556,1
VEH000421,TSK003556,1
VEH000337,TSK003556,1
VEH000248,TSK003556,0
VEH000402,TSK003556,1
VEH000064,TSK003556,1
VEH000459,TSK003556,0
VEH000484,TSK003556,1
VEH000455,TSK003556,0
VEH000373,TSK003556,1
VEH000516,TSK003556,1
VEH000091,TSK003556,1
VEH000011,TSK003556,1
VEH000277,TSK003556,1
VEH000089,TSK003556,1
VEH000288,TSK003556,1
VEH000377,TSK003556,1
VEH000231,TSK003556,1
VEH000092,TSK003556,1
VEH000263,TSK003556,1
VEH000047,TSK003556,1
VEH000095,TSK003556,0
VEH000440,TSK003556,1
VEH000427,TSK003556,1
VEH000031,TSK003556,1
VEH000309,TSK003556,1
VEH000094,TSK003556,1
VEH000003,TSK003556,0
VEH000318,TSK003556,1
VEH000499,TSK003556,1
VEH000388,TSK003556,1
VEH000397,TSK003556,1
VEH000218,TSK003556,1
VEH000467,TSK003556,0
VEH000100,TSK003556,1
VEH000275,TSK003556,1
VEH000065,TSK003556,1
VEH000299,TSK003556,1
VEH000533,TSK003556,1
VEH000416,TSK003556,1
VEH000058,TSK003556,1
VEH000301,TSK003556,1
VEH000034,TSK003556,0
VEH000043,TSK003556,0
VEH000517,TSK003556,1
VEH000307,TSK003556,1
VEH000422,TSK003556,1
VEH000281,TSK003556,1
VEH000354,TSK003556,0
VEH000386,TSK003556,0
VEH000324,TSK003556,1
VEH000251,TSK003556,0
VEH000313,TSK003556,1
VEH000477,TSK003556,1
VEH000478,TSK003556,0
VEH000265,TSK003556,1
VEH000221,TSK003556,1
VEH000068,TSK003556,1
VEH000431,TSK003556,1
VEH000071,TSK003556,1
VEH000521,TSK003556,1
VEH000053,TSK003556,1
VEH000269,TSK003556,1
VEH000336,TSK003556,1
VEH000341,TSK003556,1
VEH000261,TSK003556,1
VEH000042,TSK003556,1
VEH000353,TSK003556,1
VEH000308,TSK003556,1
VEH000296,TSK003556,0
VEH000078,TSK003556,1
VEH000511,TSK003556,0
VEH000529,TSK003556,1
VEH000220,TSK003556,1
VEH000037,TSK003556,1
VEH000367,TSK003556,1
VEH000368,TSK003556,1
VEH000411,TSK003556,1
VEH000085,TSK003556,0
VEH000098,TSK003556,1
VEH000395,TSK003556,1
VEH000420,TSK003556,1
VEH000083,TSK003556,1
VEH000024,TSK003556,1
VEH000025,TSK003556,1
VEH000280,TSK003556,1
VEH000523,TSK003556,0
VEH000080,TSK003645,1
VEH000323,TSK003645,1
VEH000340,TSK003645,1
VEH000520,TSK003645,0
VEH000379,TSK003645,1
VEH000328,TSK003645,1
VEH000346,TSK003645,1
VEH000305,TSK003645,1
VEH000060,TSK003645,1
VEH000272,TSK003645,1
VEH000352,TSK003645,1
VEH000045,TSK003645,1
VEH000361,TSK003645,1
VEH000257,TSK003645,1
VEH000421,TSK003645,1
VEH000337,TSK003645,1
VEH000248,TSK003645,1
VEH000402,TSK003645,1
VEH000064,TSK003645,1
VEH000459,TSK003645,0
VEH000484,TSK003645,1
VEH000455,TSK003645,1
VEH000373,TSK003645,0
VEH000516,TSK003645,1
VEH000091,TSK003645,1
VEH000011,TSK003645,1
VEH000277,TSK003645,1
VEH000089,TSK003645,1
VEH000288,TSK003645,1
VEH000377,TSK003645,0
VEH000231,TSK003645,1
VEH000092,TSK003645,0
VEH000263,TSK003645,1
VEH000047,TSK003645,1
VEH000095,TSK003645,1
VEH000440,TSK003645,1
VEH000427,TSK003645,0
VEH000031,TSK003645,1
VEH000309,TSK003645,1
VEH000094,TSK003645,1
VEH000003,TSK003645,1
VEH000318,TSK003645,1
VEH000499,TSK003645,1
VEH000388,TSK003645,1
VEH000397,TSK003645,1
VEH000218,TSK003645,1
VEH000467,TSK003645,1
VEH000100,TSK003645,1
VEH000275,TSK003645,1
VEH000065,TSK003645,1
VEH000299,TSK003645,1
VEH000533,TSK003645,1
VEH000416,TSK003645,0
VEH000058,TSK003645,1
VEH000301,TSK003645,0
VEH000034,TSK003645,1
VEH000043,TSK003645,0
VEH000517,TSK003645,0
VEH000307,TSK003645,0
VEH000422,TSK003645,0
VEH000281,TSK003645,1
VEH000354,TSK003645,1
VEH000386,TSK003645,1
VEH000324,TSK003645,0
VEH000251,TSK003645,0
VEH000313,TSK003645,1
VEH000477,TSK003645,1
VEH000478,TSK003645,1
VEH000265,TSK003645,1
VEH000221,TSK003645,1
VEH000068,TSK003645,1
VEH000431,TSK003645,1
VEH000071,TSK003645,0
VEH000521,TSK003645,0
VEH000053,TSK003645,1
VEH000269,TSK003645,1
VEH000336,TSK003645,1
VEH000341,TSK003645,1
VEH000261,TSK003645,1
VEH000042,TSK003645,0
VEH000353,TSK003645,1
VEH000308,TSK003645,1
VEH000296,TSK003645,1
VEH000078,TSK003645,1
VEH000511,TSK003645,0
VEH000529,TSK003645,1
VEH000220,TSK003645,1
VEH000037,TSK003645,1
VEH000367,TSK003645,1
VEH000368,TSK003645,1
VEH000411,TSK003645,1
VEH000085,TSK003645,1
VEH000098,TSK003645,1
VEH000395,TSK003645,0
VEH000420,TSK003645,1
VEH000083,TSK003645,1
VEH000024,TSK003645,1
VEH000025,TSK003645,1
VEH000280,TSK003645,0
VEH000523,TSK003645,1
VEH000080,TSK003669,1
VEH000323,TSK003669,1
VEH000340,TSK003669,1
VEH000520,TSK003669,1
VEH000379,TSK003669,1
VEH000328,TSK003669,1
VEH000346,TSK003669,1
VEH000305,TSK003669,1
VEH000060,TSK003669,0
VEH000272,TSK003669,1
VEH000352,TSK003669,1
VEH000045,TSK003669,1
VEH000361,TSK003669,1
VEH000257,TSK003669,1
VEH000421,TSK003669,1
VEH000337,TSK003669,1
VEH000248,TSK003669,0
VEH000402,TSK003669,1
VEH000064,TSK003669,0
VEH000459,TSK003669,0
VEH000484,TSK003669,0
VEH000455,TSK003669,0
VEH000373,TSK003669,1
VEH000516,TSK003669,1
VEH000091,TSK003669,1
VEH000011,TSK003669,1
VEH000277,TSK003669,1
VEH000089,TSK003669,1
VEH000288,TSK003669,1
VEH000377,TSK003669,1
VEH000231,TSK003669,1
VEH000092,TSK003669,0
VEH000263,TSK003669,0
VEH000047,TSK003669,1
VEH000095,TSK003669,1
VEH000440,TSK003669,0
VEH000427,TSK003669,0
VEH000031,TSK003669,1
VEH000309,TSK003669,1
VEH000094,TSK003669,1
VEH000003,TSK003669,1
VEH000318,TSK003669,0
VEH000499,TSK003669,1
VEH000388,TSK003669,1
VEH000397,TSK003669,1
VEH000218,TSK003669,1
VEH000467,TSK003669,1
VEH000100,TSK003669,1
VEH000275,TSK003669,0
VEH000065,TSK003669,1
VEH000299,TSK003669,1
VEH000533,TSK003669,1
VEH000416,TSK003669,1
VEH000058,TSK003669,1
VEH000301,TSK003669,1
VEH000034,TSK003669,1
VEH000043,TSK003669,1
VEH000517,TSK003669,1
VEH000307,TSK003669,0
VEH000422,TSK003669,1
VEH000281,TSK003669,1
VEH000354,TSK003669,1
VEH000386,TSK003669,1
VEH000324,TSK003669,1
VEH000251,TSK003669,1
VEH000313,TSK003669,1
VEH000477,TSK003669,1
VEH000478,TSK003669,1
VEH000265,TSK003669,1
VEH000221,TSK003669,1
VEH000068,TSK003669,1
VEH000431,TSK003669,0
VEH000071,TSK003669,0
VEH000521,TSK003669,1
VEH000053,TSK003669,1
VEH000269,TSK003669,1
VEH000336,TSK003669,1
VEH000341,TSK003669,0
VEH000261,TSK003669,1
VEH000042,TSK003669,0
VEH000353,TSK003669,1
VEH000308,TSK003669,1
VEH000296,TSK003669,1
VEH000078,TSK003669,1
VEH000511,TSK003669,1
VEH000529,TSK003669,1
VEH000220,TSK003669,1
VEH000037,TSK003669,1
VEH000367,TSK003669,1
VEH000368,TSK003669,1
VEH000411,TSK003669,1
VEH000085,TSK003669,1
VEH000098,TSK003669,1
VEH000395,TSK003669,1
VEH000420,TSK003669,0
VEH000083,TSK003669,0
VEH000024,TSK003669,0
VEH000025,TSK003669,1
VEH000280,TSK003669,1
VEH000523,TSK003669,1
VEH000080,TSK003702,1
VEH000323,TSK003702,0
VEH000340,TSK003702,0
VEH000520,TSK003702,1
VEH000379,TSK003702,1
VEH000328,TSK003702,1
VEH000346,TSK003702,1
VEH000305,TSK003702,1
VEH000060,TSK003702,1
VEH000272,TSK003702,1
VEH000352,TSK003702,1
VEH000045,TSK003702,1
VEH000361,TSK003702,1
VEH000257,TSK003702,1
VEH000421,TSK003702,1
VEH000337,TSK003702,1
VEH000248,TSK003702,1
VEH000402,TSK003702,0
VEH000064,TSK003702,0
VEH000459,TSK003702,1
VEH000484,TSK003702,1
VEH000455,TSK003702,1
VEH000373,TSK003702,1
VEH000516,TSK003702,1
VEH000091,TSK003702,0
VEH000011,TSK003702,1
VEH000277,TSK003702,1
VEH000089,TSK003702,1
VEH000288,TSK003702,1
VEH000377,TSK003702,1
VEH000231,TSK003702,1
VEH000092,TSK003702,1
VEH000263,TSK003702,1
VEH000047,TSK003702,1
VEH000095,TSK003702,0
VEH000440,TSK003702,1
VEH000427,TSK003702,1
VEH000031,TSK003702,1
VEH000309,TSK003702,1
VEH000094,TSK003702,0
VEH000003,TSK003702,1
VEH000318,TSK003702,1
VEH000499,TSK003702,0
VEH000388,TSK003702,1
VEH000397,TSK003702,1
VEH000218,TSK003702,1
VEH000467,TSK003702,1
VEH000100,TSK003702,1
VEH000275,TSK003702,1
VEH000065,TSK003702,1
VEH000299,TSK003702,1
VEH000533,TSK003702,0
VEH000416,TSK003702,1
VEH000058,TSK003702,1
VEH000301,TSK003702,0
VEH000034,TSK003702,1
VEH000043,TSK003702,1
VEH000517,TSK003702,0
VEH000307,TSK003702,0
VEH000422,TSK003702,1
VEH000281,TSK003702,1
VEH000354,TSK003702,1
VEH000386,TSK003702,1
VEH000324,TSK003702,1
VEH000251,TSK003702,1
VEH000313,TSK003702,1
VEH000477,TSK003702,1
VEH000478,TSK003702,0
VEH000265,TSK003702,1
VEH000221,TSK003702,1
VEH000068,TSK003702,1
VEH000431,TSK003702,1
VEH000071,TSK003702,1
VEH000521,TSK003702,0
VEH000053,TSK003702,1
VEH000269,TSK003702,1
VEH000336,TSK003702,1
VEH000341,TSK003702,1
VEH000261,TSK003702,1
VEH000042,TSK003702,1
VEH000353,TSK003702,1
VEH000308,TSK003702,1
VEH000296,TSK003702,0
VEH000078,TSK003702,1
VEH000511,TSK003702,1
VEH000529,TSK003702,1
VEH000220,TSK003702,1
VEH000037,TSK003702,0
VEH000367,TSK003702,1
VEH000368,TSK003702,0
VEH000411,TSK003702,1
VEH000085,TSK003702,0
VEH000098,TSK003702,1
VEH000395,TSK003702,1
VEH000420,TSK003702,1
VEH000083,TSK003702,1
VEH000024,TSK003702,1
VEH000025,TSK003702,1
VEH000280,TSK003702,0
VEH000523,TSK003702,0
VEH000080,TSK003704,1
VEH000323,TSK003704,1
VEH000340,TSK003704,0
VEH000520,TSK003704,1
VEH000379,TSK003704,1
VEH000328,TSK003704,1
VEH000346,TSK003704,1
VEH000305,TSK003704,0
VEH000060,TSK003704,1
VEH000272,TSK003704,1
VEH000352,TSK003704,0
VEH000045,TSK003704,1
VEH000361,TSK003704,0
VEH000257,TSK003704,1
VEH000421,TSK003704,1
VEH000337,TSK003704,1
VEH000248,TSK003704,1
VEH000402,TSK003704,1
VEH000064,TSK003704,1
VEH000459,TSK003704,0
VEH000484,TSK003704,1
VEH000455,TSK003704,0
VEH000373,TSK003704,1
VEH000516,TSK003704,1
VEH000091,TSK003704,1
VEH000011,TSK003704,1
VEH000277,TSK003704,1
VEH000089,TSK003704,1
VEH000288,TSK003704,0
VEH000377,TSK003704,1
VEH000231,TSK003704,1
VEH000092,TSK003704,1
VEH000263,TSK003704,1
VEH000047,TSK003704,1
VEH000095,TSK003704,1
VEH000440,TSK003704,1
VEH000427,TSK003704,1
VEH000031,TSK003704,1
VEH000309,TSK003704,1
VEH000094,TSK003704,1
VEH000003,TSK003704,1
VEH000318,TSK003704,1
VEH000499,TSK003704,1
VEH000388,TSK003704,1
VEH000397,TSK003704,1
VEH000218,TSK003704,0
VEH000467,TSK003704,0
VEH000100,TSK003704,0
VEH000275,TSK003704,1
VEH000065,TSK003704,1
VEH000299,TSK003704,0
VEH000533,TSK003704,0
VEH000416,TSK003704,1
VEH000058,TSK003704,1
VEH000301,TSK003704,1
VEH000034,TSK003704,1
VEH000043,TSK003704,1
VEH000517,TSK003704,1
VEH000307,TSK003704,1
VEH000422,TSK003704,1
VEH000281,TSK003704,0
VEH000354,TSK003704,1
VEH000386,TSK003704,1
VEH000324,TSK003704,1
VEH000251,TSK003704,1
VEH000313,TSK003704,1
VEH000477,TSK003704,1
VEH000478,TSK003704,0
VEH000265,TSK003704,1
VEH000221,TSK003704,1
VEH000068,TSK003704,0
VEH000431,TSK003704,1
VEH000071,TSK003704,1
VEH000521,TSK003704,1
VEH000053,TSK003704,1
VEH000269,TSK003704,1
VEH000336,TSK003704,1
VEH000341,TSK003704,1
VEH000261,TSK003704,1
VEH000042,TSK003704,0
VEH000353,TSK003704,1
VEH000308,TSK003704,0
VEH000296,TSK003704,1
VEH000078,TSK003704,1
VEH000511,TSK003704,1
VEH000529,TSK003704,1
VEH000220,TSK003704,0
VEH000037,TSK003704,1
VEH000367,TSK003704,1
VEH000368,TSK003704,1
VEH000411,TSK003704,1
VEH000085,TSK003704,1
VEH000098,TSK003704,1
VEH000395,TSK003704,1
VEH000420,TSK003704,1
VEH000083,TSK003704,1
VEH000024,TSK003704,1
VEH000025,TSK003704,1
VEH000280,TSK003704,0
VEH000523,TSK003704,0
VEH000080,TSK003768,1
VEH000323,TSK003768,0
VEH000340,TSK003768,1
VEH000520,TSK003768,1
VEH000379,TSK003768,1
VEH000328,TSK003768,1
VEH000346,TSK003768,1
VEH000305,TSK003768,1
VEH000060,TSK003768,1
VEH000272,TSK003768,1
VEH000352,TSK003768,1
VEH000045,TSK003768,0
VEH000361,TSK003768,1
VEH000257,TSK003768,1
VEH000421,TSK003768,1
VEH000337,TSK003768,1
VEH000248,TSK003768,1
VEH000402,TSK003768,1
VEH000064,TSK003768,1
VEH000459,TSK003768,1
VEH000484,TSK003768,0
VEH000455,TSK003768,1
VEH000373,TSK003768,1
VEH000516,TSK003768,1
VEH000091,TSK003768,1
VEH000011,TSK003768,1
VEH000277,TSK003768,0
VEH000089,TSK003768,1
VEH000288,TSK003768,1
VEH000377,TSK003768,1
VEH000231,TSK003768,1
VEH000092,TSK003768,1
VEH000263,TSK003768,0
VEH000047,TSK003768,0
VEH000095,TSK003768,1
VEH000440,TSK003768,1
VEH000427,TSK003768,0
VEH000031,TSK003768,0
VEH000309,TSK003768,1
VEH000094,TSK003768,1
VEH000003,TSK003768,1
VEH000318,TSK003768,1
VEH000499,TSK003768,0
VEH000388,TSK003768,1
VEH000397,TSK003768,1
VEH000218,TSK003768,1
VEH000467,TSK003768,1
VEH000100,TSK003768,1
VEH000275,TSK003768,1
VEH000065,TSK003768,1
VEH000299,TSK003768,1
VEH000533,TSK003768,0
VEH000416,TSK003768,1
VEH000058,TSK003768,0
VEH000301,TSK003768,1
VEH000034,TSK003768,0
VEH000043,TSK003768,1
VEH000517,TSK003768,1
VEH000307,TSK003768,1
VEH000422,TSK003768,1
VEH000281,TSK003768,1
VEH000354,TSK003768,1
VEH000386,TSK003768,1
VEH000324,TSK003768,1
VEH000251,TSK003768,1
VEH000313,TSK003768,1
VEH000477,TSK003768,1
VEH000478,TSK003768,1
VEH000265,TSK003768,1
VEH000221,TSK003768,0
VEH000068,TSK003768,0
VEH000431,TSK003768,1
VEH000071,TSK003768,1
VEH000521,TSK003768,1
VEH000053,TSK003768,1
VEH000269,TSK003768,1
VEH000336,TSK003768,1
VEH000341,TSK003768,1
VEH000261,TSK003768,0
VEH000042,TSK003768,1
VEH000353,TSK003768,1
VEH000308,TSK003768,1
VEH000296,TSK003768,1
VEH000078,TSK003768,0
VEH000511,TSK003768,1
VEH000529,TSK003768,0
VEH000220,TSK003768,1
VEH000037,TSK003768,1
VEH000367,TSK003768,1
VEH000368,TSK003768,1
VEH000411,TSK003768,1
VEH000085,TSK003768,1
VEH000098,TSK003768,1
VEH000395,TSK003768,0
VEH000420,TSK003768,1
VEH000083,TSK003768,1
VEH000024,TSK003768,0
VEH000025,TSK003768,1
VEH000280,TSK003768,0
VEH000523,TSK003768,1
VEH000080,TSK003796,1
VEH000323,TSK003796,0
VEH000340,TSK003796,1
VEH000520,TSK003796,0
VEH000379,TSK003796,1
VEH000328,TSK003796,0
VEH000346,TSK003796,1
VEH000305,TSK003796,1
VEH000060,TSK003796,1
VEH000272,TSK003796,1
VEH000352,TSK003796,1
VEH000045,TSK003796,1
VEH000361,TSK003796,0
VEH000257,TSK003796,1
VEH000421,TSK003796,1
VEH000337,TSK003796,1
VEH000248,TSK003796,0
VEH000402,TSK003796,1
VEH000064,TSK003796,1
VEH000459,TSK003796,1
VEH000484,TSK003796,1
VEH000455,TSK003796,1
VEH000373,TSK003796,1
VEH000516,TSK003796,1
VEH000091,TSK003796,1
VEH000011,TSK003796,1
VEH000277,TSK003796,1
VEH000089,TSK003796,1
VEH000288,TSK003796,0
VEH000377,TSK003796,1
VEH000231,TSK003796,1
VEH000092,TSK003796,1
VEH000263,TSK003796,1
VEH000047,TSK003796,0
VEH000095,TSK003796,0
VEH000440,TSK003796,1
VEH000427,TSK003796,1
VEH000031,TSK003796,1
VEH000309,TSK003796,1
VEH000094,TSK003796,1
VEH000003,TSK003796,1
VEH000318,TSK003796,1
VEH000499,TSK003796,1
VEH000388,TSK003796,0
VEH000397,TSK003796,0
VEH000218,TSK003796,1
VEH000467,TSK003796,1
VEH000100,TSK003796,1
VEH000275,TSK003796,1
VEH000065,TSK003796,0
VEH000299,TSK003796,1
VEH000533,TSK003796,1
VEH000416,TSK003796,1
VEH000058,TSK003796,1
VEH000301,TSK003796,1
VEH000034,TSK003796,1
VEH000043,TSK003796,1
VEH000517,TSK003796,1
VEH000307,TSK003796,1
VEH000422,TSK003796,1
VEH000281,TSK003796,1
VEH000354,TSK003796,0
VEH000386,TSK003796,0
VEH000324,TSK003796,1
VEH000251,TSK003796,1
VEH000313,TSK003796,0
VEH000477,TSK003796,1
VEH000478,TSK003796,1
VEH000265,TSK003796,1
VEH000221,TSK003796,1
VEH000068,TSK003796,1
VEH000431,TSK003796,1
VEH000071,TSK003796,1
VEH000521,TSK003796,0
VEH000053,TSK003796,1
VEH000269,TSK003796,0
VEH000336,TSK003796,1
VEH000341,TSK003796,1
VEH000261,TSK003796,1
VEH000042,TSK003796,1
VEH000353,TSK003796,0
VEH000308,TSK003796,1
VEH000296,TSK003796,1
VEH000078,TSK003796,1
VEH000511,TSK003796,1
VEH000529,TSK003796,0
VEH000220,TSK003796,1
VEH000037,TSK003796,1
VEH000367,TSK003796,1
VEH000368,TSK003796,1
VEH000411,TSK003796,1
VEH000085,TSK003796,0
VEH000098,TSK003796,1
VEH000395,TSK003796,1
VEH000420,TSK003796,1
VEH000083,TSK003796,1
VEH000024,TSK003796,0
VEH000025,TSK003796,1
VEH000280,TSK003796,1
VEH000523,TSK003796,1
VEH000080,TSK003836,1
VEH000323,TSK003836,1
VEH000340,TSK003836,1
VEH000520,TSK003836,0
VEH000379,TSK003836,1
VEH000328,TSK003836,1
VEH000346,TSK003836,0
VEH000305,TSK003836,1
VEH000060,TSK003836,1
VEH000272,TSK003836,1
VEH000352,TSK003836,0
VEH000045,TSK003836,1
VEH000361,TSK003836,1
VEH000257,TSK003836,1
VEH000421,TSK003836,0
VEH000337,TSK003836,0
VEH000248,TSK003836,1
VEH000402,TSK003836,1
VEH000064,TSK003836,0
VEH000459,TSK003836,1
VEH000484,TSK003836,1
VEH000455,TSK003836,1
VEH000373,TSK003836,1
VEH000516,TSK003836,1
VEH000091,TSK003836,0
VEH000011,TSK003836,1
VEH000277,TSK003836,1
VEH000089,TSK003836,1
VEH000288,TSK003836,1
VEH000377,TSK003836,1
VEH000231,TSK003836,0
VEH000092,TSK003836,1
VEH000263,TSK003836,1
VEH000047,TSK003836,0
VEH000095,TSK003836,1
VEH000440,TSK003836,1
VEH000427,TSK003836,1
VEH000031,TSK003836,1
VEH000309,TSK003836,1
VEH000094,TSK003836,1
VEH000003,TSK003836,1
VEH000318,TSK003836,1
VEH000499,TSK003836,1
VEH000388,TSK003836,1
VEH000397,TSK003836,0
VEH000218,TSK003836,1
VEH000467,TSK003836,1
VEH000100,TSK003836,1
VEH000275,TSK003836,1
VEH000065,TSK003836,1
VEH000299,TSK003836,0
VEH000533,TSK003836,1
VEH000416,TSK003836,1
VEH000058,TSK003836,1
VEH000301,TSK003836,1
VEH000034,TSK003836,1
VEH000043,TSK003836,0
VEH000517,TSK003836,0
VEH000307,TSK003836,1
VEH000422,TSK003836,1
VEH000281,TSK003836,0
VEH000354,TSK003836,1
VEH000386,TSK003836,0
VEH000324,TSK003836,1
VEH000251,TSK003836,1
VEH000313,TSK003836,1
VEH000477,TSK003836,0
VEH000478,TSK003836,1
VEH000265,TSK003836,1
VEH000221,TSK003836,1
VEH000068,TSK003836,1
VEH000431,TSK003836,0
VEH000071,TSK003836,1
VEH000521,TSK003836,1
VEH000053,TSK003836,1
VEH000269,TSK003836,1
VEH000336,TSK003836,1
VEH000341,TSK003836,1
VEH000261,TSK003836,1
VEH000042,TSK003836,0
VEH000353,TSK003836,1
VEH000308,TSK003836,1
VEH000296,TSK003836,0
VEH000078,TSK003836,1
VEH000511,TSK003836,1
VEH000529,TSK003836,1
VEH000220,TSK003836,1
VEH000037,TSK003836,1
VEH000367,TSK003836,1
VEH000368,TSK003836,1
VEH000411,TSK003836,1
VEH000085,TSK003836,1
VEH000098,TSK003836,1
VEH000395,TSK003836,0
VEH000420,TSK003836,1
VEH000083,TSK003836,1
VEH000024,TSK003836,1
VEH000025,TSK003836,1
VEH000280,TSK003836,1
VEH000523,TSK003836,1
VEH000080,TSK003864,1
VEH000323,TSK003864,1
VEH000340,TSK003864,1
VEH000520,TSK003864,1
VEH000379,TSK003864,1
VEH000328,TSK003864,1
VEH000346,TSK003864,1
VEH000305,TSK003864,1
VEH000060,TSK003864,1
VEH000272,TSK003864,0
VEH000352,TSK003864,0
VEH000045,TSK003864,1
VEH000361,TSK003864,1
VEH000257,TSK003864,1
VEH000421,TSK003864,1
VEH000337,TSK003864,0
VEH000248,TSK003864,1
VEH000402,TSK003864,1
VEH000064,TSK003864,1
VEH000459,TSK003864,1
VEH000484,TSK003864,0
VEH000455,TSK003864,0
VEH000373,TSK003864,1
VEH000516,TSK003864,1
VEH000091,TSK003864,1
VEH000011,TSK003864,1
VEH000277,TSK003864,1
VEH000089,TSK003864,1
VEH000288,TSK003864,0
VEH000377,TSK003864,1
VEH000231,TSK003864,1
VEH000092,TSK003864,0
VEH000263,TSK003864,0
VEH000047,TSK003864,1
VEH000095,TSK003864,1
VEH000440,TSK003864,1
VEH000427,TSK003864,1
VEH000031,TSK003864,1
VEH000309,TSK003864,0
VEH000094,TSK003864,1
VEH000003,TSK003864,1
VEH000318,TSK003864,1
VEH000499,TSK003864,1
VEH000388,TSK003864,1
VEH000397,TSK003864,0
VEH000218,TSK003864,1
VEH000467,TSK003864,1
VEH000100,TSK003864,1
VEH000275,TSK003864,1
VEH000065,TSK003864,1
VEH000299,TSK003864,1
VEH000533,TSK003864,1
VEH000416,TSK003864,1
VEH000058,TSK003864,1
VEH000301,TSK003864,1
VEH000034,TSK003864,1
VEH000043,TSK003864,1
VEH000517,TSK003864,0
VEH000307,TSK003864,1
VEH000422,TSK003864,1
VEH000281,TSK003864,0
VEH000354,TSK003864,1
VEH000386,TSK003864,0
VEH000324,TSK003864,1
VEH000251,TSK003864,1
VEH000313,TSK003864,1
VEH000477,TSK003864,1
VEH000478,TSK003864,1
VEH000265,TSK003864,0
VEH000221,TSK003864,1
VEH000068,TSK003864,1
VEH000431,TSK003864,1
VEH000071,TSK003864,1
VEH000521,TSK003864,0
VEH000053,TSK003864,1
VEH000269,TSK003864,1
VEH000336,TSK003864,1
VEH000341,TSK003864,1
VEH000261,TSK003864,0
VEH000042,TSK003864,1
VEH000353,TSK003864,0
VEH000308,TSK003864,0
VEH000296,TSK003864,1
VEH000078,TSK003864,0
VEH000511,TSK003864,1
VEH000529,TSK003864,1
VEH000220,TSK003864,1
VEH000037,TSK003864,1
VEH000367,TSK003864,1
VEH000368,TSK003864,1
VEH000411,TSK003864,1
VEH000085,TSK003864,1
VEH000098,TSK003864,1
VEH000395,TSK003864,0
VEH000420,TSK003864,1
VEH000083,TSK003864,1
VEH000024,TSK003864,1
VEH000025,TSK003864,1
VEH000280,TSK003864,1
VEH000523,TSK003864,1
VEH000080,TSK003869,1
VEH000323,TSK003869,1
VEH000340,TSK003869,1
VEH000520,TSK003869,1
VEH000379,TSK003869,1
VEH000328,TSK003869,1
VEH000346,TSK003869,1
VEH000305,TSK003869,0
VEH000060,TSK003869,0
VEH000272,TSK003869,1
VEH000352,TSK003869,1
VEH000045,TSK003869,1
VEH000361,TSK003869,0
VEH000257,TSK003869,1
VEH000421,TSK003869,1
VEH000337,TSK003869,1
VEH000248,TSK003869,0
VEH000402,TSK003869,1
VEH000064,TSK003869,0
VEH000459,TSK003869,1
VEH000484,TSK003869,1
VEH000455,TSK003869,1
VEH000373,TSK003869,1
VEH000516,TSK003869,1
VEH000091,TSK003869,1
VEH000011,TSK003869,1
VEH000277,TSK003869,1
VEH000089,TSK003869,1
VEH000288,TSK003869,1
VEH000377,TSK003869,1
VEH000231,TSK003869,1
VEH000092,TSK003869,1
VEH000263,TSK003869,1
VEH000047,TSK003869,1
VEH000095,TSK003869,0
VEH000440,TSK003869,1
VEH000427,TSK003869,1
VEH000031,TSK003869,0
VEH000309,TSK003869,1
VEH000094,TSK003869,1
VEH000003,TSK003869,1
VEH000318,TSK003869,0
VEH000499,TSK003869,1
VEH000388,TSK003869,1
VEH000397,TSK003869,1
VEH000218,TSK003869,1
VEH000467,TSK003869,0
VEH000100,TSK003869,1
VEH000275,TSK003869,1
VEH000065,TSK003869,1
VEH000299,TSK003869,1
VEH000533,TSK003869,1
VEH000416,TSK003869,1
VEH000058,TSK003869,1
VEH000301,TSK003869,1
VEH000034,TSK003869,1
VEH000043,TSK003869,1
VEH000517,TSK003869,1
VEH000307,TSK003869,1
VEH000422,TSK003869,1
VEH000281,TSK003869,1
VEH000354,TSK003869,0
VEH000386,TSK003869,0
VEH000324,TSK003869,1
VEH000251,TSK003869,1
VEH000313,TSK003869,1
VEH000477,TSK003869,1
VEH000478,TSK003869,0
VEH000265,TSK003869,1
VEH000221,TSK003869,1
VEH000068,TSK003869,1
VEH000431,TSK003869,1
VEH000071,TSK003869,1
VEH000521,TSK003869,1
VEH000053,TSK003869,1
VEH000269,TSK003869,1
VEH000336,TSK003869,1
VEH000341,TSK003869,1
VEH000261,TSK003869,0
VEH000042,TSK003869,0
VEH000353,TSK003869,0
VEH000308,TSK003869,1
VEH000296,TSK003869,1
VEH000078,TSK003869,0
VEH000511,TSK003869,1
VEH000529,TSK003869,1
VEH000220,TSK003869,1
VEH000037,TSK003869,1
VEH000367,TSK003869,0
VEH000368,TSK003869,0
VEH000411,TSK003869,1
VEH000085,TSK003869,1
VEH000098,TSK003869,1
VEH000395,TSK003869,0
VEH000420,TSK003869,1
VEH000083,TSK003869,1
VEH000024,TSK003869,1
VEH000025,TSK003869,1
VEH000280,TSK003869,0
VEH000523,TSK003869,1
VEH000080,TSK003975,1
VEH000323,TSK003975,1
VEH000340,TSK003975,1
VEH000520,TSK003975,1
VEH000379,TSK003975,1
VEH000328,TSK003975,1
VEH000346,TSK003975,1
VEH000305,TSK003975,1
VEH000060,TSK003975,1
VEH000272,TSK003975,1
VEH000352,TSK003975,0
VEH000045,TSK003975,1
VEH000361,TSK003975,0
VEH000257,TSK003975,1
VEH000421,TSK003975,1
VEH000337,TSK003975,0
VEH000248,TSK003975,1
VEH000402,TSK003975,0
VEH000064,TSK003975,1
VEH000459,TSK003975,1
VEH000484,TSK003975,1
VEH000455,TSK003975,0
VEH000373,TSK003975,1
VEH000516,TSK003975,1
VEH000091,TSK003975,0
VEH000011,TSK003975,1
VEH000277,TSK003975,1
VEH000089,TSK003975,1
VEH000288,TSK003975,1
VEH000377,TSK003975,1
VEH000231,TSK003975,1
VEH000092,TSK003975,1
VEH000263,TSK003975,1
VEH000047,TSK003975,1
VEH000095,TSK003975,1
VEH000440,TSK003975,1
VEH000427,TSK003975,0
VEH000031,TSK003975,1
VEH000309,TSK003975,0
VEH000094,TSK003975,1
VEH000003,TSK003975,1
VEH000318,TSK003975,1
VEH000499,TSK003975,1
VEH000388,TSK003975,0
VEH000397,TSK003975,1
VEH000218,TSK003975,1
VEH000467,TSK003975,1
VEH000100,TSK003975,1
VEH000275,TSK003975,1
VEH000065,TSK003975,1
VEH000299,TSK003975,1
VEH000533,TSK003975,0
VEH000416,TSK003975,1
VEH000058,TSK003975,0
VEH000301,TSK003975,1
VEH000034,TSK003975,1
VEH000043,TSK003975,1
VEH000517,TSK003975,1
VEH000307,TSK003975,1
VEH000422,TSK003975,1
VEH000281,TSK003975,1
VEH000354,TSK003975,1
VEH000386,TSK003975,1
VEH000324,TSK003975,1
VEH000251,TSK003975,1
VEH000313,TSK003975,1
VEH000477,TSK003975,1
VEH000478,TSK003975,0
VEH000265,TSK003975,0
VEH000221,TSK003975,1
VEH000068,TSK003975,1
VEH000431,TSK003975,1
VEH000071,TSK003975,1
VEH000521,TSK003975,1
VEH000053,TSK003975,1
VEH000269,TSK003975,1
VEH000336,TSK003975,1
VEH000341,TSK003975,1
VEH000261,TSK003975,1
VEH000042,TSK003975,1
VEH000353,TSK003975,1
VEH000308,TSK003975,1
VEH000296,TSK003975,0
VEH000078,TSK003975,1
VEH000511,TSK003975,0
VEH000529,TSK003975,1
VEH000220,TSK003975,1
VEH000037,TSK003975,1
VEH000367,TSK003975,0
VEH000368,TSK003975,1
VEH000411,TSK003975,1
VEH000085,TSK003975,0
VEH000098,TSK003975,1
VEH000395,TSK003975,0
VEH000420,TSK003975,0
VEH000083,TSK003975,1
VEH000024,TSK003975,1
VEH000025,TSK003975,1
VEH000280,TSK003975,1
VEH000523,TSK003975,0
VEH000080,TSK004026,1
VEH000323,TSK004026,1
VEH000340,TSK004026,1
VEH000520,TSK004026,1
VEH000379,TSK004026,0
VEH000328,TSK004026,1
VEH000346,TSK004026,1
VEH000305,TSK004026,1
VEH000060,TSK004026,1
VEH000272,TSK004026,1
VEH000352,TSK004026,1
VEH000045,TSK004026,1
VEH000361,TSK004026,1
VEH000257,TSK004026,1
VEH000421,TSK004026,1
VEH000337,TSK004026,1
VEH000248,TSK004026,1
VEH000402,TSK004026,1
VEH000064,TSK004026,1
VEH000459,TSK004026,0
VEH000484,TSK004026,1
VEH000455,TSK004026,1
VEH000373,TSK004026,1
VEH000516,TSK004026,1
VEH000091,TSK004026,1
VEH000011,TSK004026,1
VEH000277,TSK004026,0
VEH000089,TSK004026,1
VEH000288,TSK004026,0
VEH000377,TSK004026,1
VEH000231,TSK004026,1
VEH000092,TSK004026,0
VEH000263,TSK004026,1
VEH000047,TSK004026,1
VEH000095,TSK004026,1
VEH000440,TSK004026,0
VEH000427,TSK004026,0
VEH000031,TSK004026,1
VEH000309,TSK004026,1
VEH000094,TSK004026,1
VEH000003,TSK004026,1
VEH000318,TSK004026,1
VEH000499,TSK004026,1
VEH000388,TSK004026,0
VEH000397,TSK004026,1
VEH000218,TSK004026,1
VEH000467,TSK004026,1
VEH000100,TSK004026,0
VEH000275,TSK004026,1
VEH000065,TSK004026,1
VEH000299,TSK004026,1
VEH000533,TSK004026,1
VEH000416,TSK004026,0
VEH000058,TSK004026,1
VEH000301,TSK004026,1
VEH000034,TSK004026,1
VEH000043,TSK004026,1
VEH000517,TSK004026,1
VEH000307,TSK004026,1
VEH000422,TSK004026,1
VEH000281,TSK004026,1
VEH000354,TSK004026,0
VEH000386,TSK004026,1
VEH000324,TSK004026,1
VEH000251,TSK004026,1
VEH000313,TSK004026,1
VEH000477,TSK004026,0
VEH000478,TSK004026,1
VEH000265,TSK004026,0
VEH000221,TSK004026,1
VEH000068,TSK004026,1
VEH000431,TSK004026,1
VEH000071,TSK004026,1
VEH000521,TSK004026,0
VEH000053,TSK004026,1
VEH000269,TSK004026,1
VEH000336,TSK004026,0
VEH000341,TSK004026,0
VEH000261,TSK004026,1
VEH000042,TSK004026,0
VEH000353,TSK004026,1
VEH000308,TSK004026,1
VEH000296,TSK004026,1
VEH000078,TSK004026,1
VEH000511,TSK004026,1
VEH000529,TSK004026,1
VEH000220,TSK004026,1
VEH000037,TSK004026,1
VEH000367,TSK004026,1
VEH000368,TSK004026,0
VEH000411,TSK004026,1
VEH000085,TSK004026,0
VEH000098,TSK004026,1
VEH000395,TSK004026,1
VEH000420,TSK004026,1
VEH000083,TSK004026,1
VEH000024,TSK004026,1
VEH000025,TSK004026,0
VEH000280,TSK004026,1
VEH000523,TSK004026,1
VEH000080,TSK004047,1
VEH000323,TSK004047,1
VEH000340,TSK004047,1
VEH000520,TSK004047,1
VEH000379,TSK004047,1
VEH000328,TSK004047,0
VEH000346,TSK004047,0
VEH000305,TSK004047,1
VEH000060,TSK004047,1
VEH000272,TSK004047,1
VEH000352,TSK004047,1
VEH000045,TSK004047,1
VEH000361,TSK004047,0
VEH000257,TSK004047,0
VEH000421,TSK004047,1
VEH000337,TSK004047,1
VEH000248,TSK004047,1
VEH000402,TSK004047,1
VEH000064,TSK004047,1
VEH000459,TSK004047,1
VEH000484,TSK004047,1
VEH000455,TSK004047,0
VEH000373,TSK004047,1
VEH000516,TSK004047,1
VEH000091,TSK004047,1
VEH000011,TSK004047,1
VEH000277,TSK004047,1
VEH000089,TSK004047,1
VEH000288,TSK004047,1
VEH000377,TSK004047,1
VEH000231,TSK004047,1
VEH000092,TSK004047,1
VEH000263,TSK004047,0
VEH000047,TSK004047,1
VEH000095,TSK004047,1
VEH000440,TSK004047,1
VEH000427,TSK004047,0
VEH000031,TSK004047,1
VEH000309,TSK004047,1
VEH000094,TSK004047,1
VEH000003,TSK004047,1
VEH000318,TSK004047,0
VEH000499,TSK004047,0
VEH000388,TSK004047,1
VEH000397,TSK004047,1
VEH000218,TSK004047,1
VEH000467,TSK004047,1
VEH000100,TSK004047,1
VEH000275,TSK004047,1
VEH000065,TSK004047,1
VEH000299,TSK004047,1
VEH000533,TSK004047,1
VEH000416,TSK004047,1
VEH000058,TSK004047,1
VEH000301,TSK004047,0
VEH000034,TSK004047,0
VEH000043,TSK004047,1
VEH000517,TSK004047,1
VEH000307,TSK004047,1
VEH000422,TSK004047,1
VEH000281,TSK004047,1
VEH000354,TSK004047,0
VEH000386,TSK004047,0
VEH000324,TSK004047,1
VEH000251,TSK004047,1
VEH000313,TSK004047,1
VEH000477,TSK004047,1
VEH000478,TSK004047,1
VEH000265,TSK004047,1
VEH000221,TSK004047,1
VEH000068,TSK004047,1
VEH000431,TSK004047,0
VEH000071,TSK004047,1
VEH000521,TSK004047,1
VEH000053,TSK004047,1
VEH000269,TSK004047,1
VEH000336,TSK004047,1
VEH000341,TSK004047,1
VEH000261,TSK004047,1
VEH000042,TSK004047,1
VEH000353,TSK004047,1
VEH000308,TSK004047,0
VEH000296,TSK004047,0
VEH000078,TSK004047,1
VEH000511,TSK004047,1
VEH000529,TSK004047,1
VEH000220,TSK004047,1
VEH000037,TSK004047,1
VEH000367,TSK004047,1
VEH000368,TSK004047,0
VEH000411,TSK004047,0
VEH000085,TSK004047,0
VEH000098,TSK004047,1
VEH000395,TSK004047,0
VEH000420,TSK004047,1
VEH000083,TSK004047,1
VEH000024,TSK004047,1
VEH000025,TSK004047,1
VEH000280,TSK004047,1
VEH000523,TSK004047,1
VEH000080,TSK004057,1
VEH000323,TSK004057,0
VEH000340,TSK004057,1
VEH000520,TSK004057,1
VEH000379,TSK004057,1
VEH000328,TSK004057,1
VEH000346,TSK004057,1
VEH000305,TSK004057,1
VEH000060,TSK004057,0
VEH000272,TSK004057,1
VEH000352,TSK004057,1
VEH000045,TSK004057,1
VEH000361,TSK004057,1
VEH000257,TSK004057,1
VEH000421,TSK004057,1
VEH000337,TSK004057,1
VEH000248,TSK004057,1
VEH000402,TSK004057,1
VEH000064,TSK004057,0
VEH000459,TSK004057,1
VEH000484,TSK004057,1
VEH000455,TSK004057,1
VEH000373,TSK004057,1
VEH000516,TSK004057,1
VEH000091,TSK004057,1
VEH000011,TSK004057,1
VEH000277,TSK004057,1
VEH000089,TSK004057,1
VEH000288,TSK004057,1
VEH000377,TSK004057,1
VEH000231,TSK004057,1
VEH000092,TSK004057,1
VEH000263,TSK004057,0
VEH000047,TSK004057,1
VEH000095,TSK004057,0
VEH000440,TSK004057,1
VEH000427,TSK004057,1
VEH000031,TSK004057,1
VEH000309,TSK004057,1
VEH000094,TSK004057,1
VEH000003,TSK004057,1
VEH000318,TSK004057,1
VEH000499,TSK004057,1
VEH000388,TSK004057,1
VEH000397,TSK004057,1
VEH000218,TSK004057,1
VEH000467,TSK004057,0
VEH000100,TSK004057,1
VEH000275,TSK004057,1
VEH000065,TSK004057,1
VEH000299,TSK004057,0
VEH000533,TSK004057,1
VEH000416,TSK004057,0
VEH000058,TSK004057,1
VEH000301,TSK004057,1
VEH000034,TSK004057,1
VEH000043,TSK004057,1
VEH000517,TSK004057,1
VEH000307,TSK004057,1
VEH000422,TSK004057,1
VEH000281,TSK004057,0
VEH000354,TSK004057,1
VEH000386,TSK004057,1
VEH000324,TSK004057,1
VEH000251,TSK004057,1
VEH000313,TSK004057,1
VEH000477,TSK004057,1
VEH000478,TSK004057,0
VEH000265,TSK004057,1
VEH000221,TSK004057,1
VEH000068,TSK004057,1
VEH000431,TSK004057,0
VEH000071,TSK004057,1
VEH000521,TSK004057,1
VEH000053,TSK004057,1
VEH000269,TSK004057,1
VEH000336,TSK004057,0
VEH000341,TSK004057,1
VEH000261,TSK004057,1
VEH000042,TSK004057,0
VEH000353,TSK004057,1
VEH000308,TSK004057,1
VEH000296,TSK004057,1
VEH000078,TSK004057,0
VEH000511,TSK004057,1
VEH000529,TSK004057,0
VEH000220,TSK004057,1
VEH000037,TSK004057,1
VEH000367,TSK004057,0
VEH000368,TSK004057,1
VEH000411,TSK004057,1
VEH000085,TSK004057,1
VEH000098,TSK004057,0
VEH000395,TSK004057,1
VEH000420,TSK004057,1
VEH000083,TSK004057,0
VEH000024,TSK004057,1
VEH000025,TSK004057,0
VEH000280,TSK004057,0
VEH000523,TSK004057,1
VEH000080,TSK004099,1
VEH000323,TSK004099,1
VEH000340,TSK004099,1
VEH000520,TSK004099,0
VEH000379,TSK004099,1
VEH000328,TSK004099,1
VEH000346,TSK004099,1
VEH000305,TSK004099,1
VEH000060,TSK004099,0
VEH000272,TSK004099,1
VEH000352,TSK004099,0
VEH000045,TSK004099,1
VEH000361,TSK004099,0
VEH000257,TSK004099,1
VEH000421,TSK004099,1
VEH000337,TSK004099,0
VEH000248,TSK004099,1
VEH000402,TSK004099,1
VEH000064,TSK004099,0
VEH000459,TSK004099,1
VEH000484,TSK004099,1
VEH000455,TSK004099,1
VEH000373,TSK004099,1
VEH000516,TSK004099,1
VEH000091,TSK004099,1
VEH000011,TSK004099,1
VEH000277,TSK004099,1
VEH000089,TSK004099,0
VEH000288,TSK004099,1
VEH000377,TSK004099,1
VEH000231,TSK004099,1
VEH000092,TSK004099,1
VEH000263,TSK004099,1
VEH000047,TSK004099,1
VEH000095,TSK004099,1
VEH000440,TSK004099,1
VEH000427,TSK004099,1
VEH000031,TSK004099,1
VEH000309,TSK004099,1
VEH000094,TSK004099,1
VEH000003,TSK004099,0
VEH000318,TSK004099,1
VEH000499,TSK004099,0
VEH000388,TSK004099,1
VEH000397,TSK004099,1
VEH000218,TSK004099,1
VEH000467,TSK004099,1
VEH000100,TSK004099,1
VEH000275,TSK004099,0
VEH000065,TSK004099,1
VEH000299,TSK004099,1
VEH000533,TSK004099,1
VEH000416,TSK004099,1
VEH000058,TSK004099,1
VEH000301,TSK004099,1
VEH000034,TSK004099,1
VEH000043,TSK004099,1
VEH000517,TSK004099,1
VEH000307,TSK004099,1
VEH000422,TSK004099,1
VEH000281,TSK004099,1
VEH000354,TSK004099,1
VEH000386,TSK004099,0
VEH000324,TSK004099,1
VEH000251,TSK004099,1
VEH000313,TSK004099,1
VEH000477,TSK004099,0
VEH000478,TSK004099,1
VEH000265,TSK004099,1
VEH000221,TSK004099,0
VEH000068,TSK004099,0
VEH000431,TSK004099,1
VEH000071,TSK004099,1
VEH000521,TSK004099,1
VEH000053,TSK004099,1
VEH000269,TSK004099,0
VEH000336,TSK004099,1
VEH000341,TSK004099,0
VEH000261,TSK004099,0
VEH000042,TSK004099,1
VEH000353,TSK004099,1
VEH000308,TSK004099,0
VEH000296,TSK004099,1
VEH000078,TSK004099,1
VEH000511,TSK004099,1
VEH000529,TSK004099,0
VEH000220,TSK004099,1
VEH000037,TSK004099,1
VEH000367,TSK004099,1
VEH000368,TSK004099,1
VEH000411,TSK004099,1
VEH000085,TSK004099,1
VEH000098,TSK004099,1
VEH000395,TSK004099,1
VEH000420,TSK004099,1
VEH000083,TSK004099,1
VEH000024,TSK004099,0
VEH000025,TSK004099,1
VEH000280,TSK004099,1
VEH000523,TSK004099,1
VEH000080,TSK004111,1
VEH000323,TSK004111,0
VEH000340,TSK004111,1
VEH000520,TSK004111,1
VEH000379,TSK004111,1
VEH000328,TSK004111,1
VEH000346,TSK004111,1
VEH000305,TSK004111,1
VEH000060,TSK004111,1
VEH000272,TSK004111,1
VEH000352,TSK004111,1
VEH000045,TSK004111,1
VEH000361,TSK004111,0
VEH000257,TSK004111,1
VEH000421,TSK004111,0
VEH000337,TSK004111,1
VEH000248,TSK004111,0
VEH000402,TSK004111,1
VEH000064,TSK004111,0
VEH000459,TSK004111,1
VEH000484,TSK004111,1
VEH000455,TSK004111,0
VEH000373,TSK004111,1
VEH000516,TSK004111,1
VEH000091,TSK004111,1
VEH000011,TSK004111,1
VEH000277,TSK004111,1
VEH000089,TSK004111,1
VEH000288,TSK004111,1
VEH000377,TSK004111,1
VEH000231,TSK004111,1
VEH000092,TSK004111,1
VEH000263,TSK004111,1
VEH000047,TSK004111,1
VEH000095,TSK004111,1
VEH000440,TSK004111,1
VEH000427,TSK004111,0
VEH000031,TSK004111,1
VEH000309,TSK004111,1
VEH000094,TSK004111,0
VEH000003,TSK004111,1
VEH000318,TSK004111,1
VEH000499,TSK004111,1
VEH000388,TSK004111,1
VEH000397,TSK004111,1
VEH000218,TSK004111,1
VEH000467,TSK004111,0
VEH000100,TSK004111,1
VEH000275,TSK004111,1
VEH000065,TSK004111,1
VEH000299,TSK004111,0
VEH000533,TSK004111,1
VEH000416,TSK004111,0
VEH000058,TSK004111,1
VEH000301,TSK004111,1
VEH000034,TSK004111,1
VEH000043,TSK004111,1
VEH000517,TSK004111,1
VEH000307,TSK004111,0
VEH000422,TSK004111,0
VEH000281,TSK004111,1
VEH000354,TSK004111,1
VEH000386,TSK004111,1
VEH000324,TSK004111,0
VEH000251,TSK004111,0
VEH000313,TSK004111,1
VEH000477,TSK004111,1
VEH000478,TSK004111,1
VEH000265,TSK004111,0
VEH000221,TSK004111,1
VEH000068,TSK004111,1
VEH000431,TSK004111,1
VEH000071,TSK004111,0
VEH000521,TSK004111,1
VEH000053,TSK004111,1
VEH000269,TSK004111,1
VEH000336,TSK004111,1
VEH000341,TSK004111,1
VEH000261,TSK004111,1
VEH000042,TSK004111,1
VEH000353,TSK004111,1
VEH000308,TSK004111,1
VEH000296,TSK004111,1
VEH000078,TSK004111,1
VEH000511,TSK004111,1
VEH000529,TSK004111,1
VEH000220,TSK004111,1
VEH000037,TSK004111,1
VEH000367,TSK004111,1
VEH000368,TSK004111,1
VEH000411,TSK004111,0
VEH000085,TSK004111,1
VEH000098,TSK004111,1
VEH000395,TSK004111,1
VEH000420,TSK004111,1
VEH000083,TSK004111,1
VEH000024,TSK004111,1
VEH000025,TSK004111,0
VEH000280,TSK004111,0
VEH000523,TSK004111,1
VEH000080,TSK004125,1
VEH000323,TSK004125,1
VEH000340,TSK004125,1
VEH000520,TSK004125,1
VEH000379,TSK004125,0
VEH000328,TSK004125,1
VEH000346,TSK004125,1
VEH000305,TSK004125,1
VEH000060,TSK004125,1
VEH000272,TSK004125,1
VEH000352,TSK004125,0
VEH000045,TSK004125,1
VEH000361,TSK004125,1
VEH000257,TSK004125,1
VEH000421,TSK004125,1
VEH000337,TSK004125,0
VEH000248,TSK004125,1
VEH000402,TSK004125,0
VEH000064,TSK004125,1
VEH000459,TSK004125,1
VEH000484,TSK004125,0
VEH000455,TSK004125,1
VEH000373,TSK004125,1
VEH000516,TSK004125,1
VEH000091,TSK004125,1
VEH000011,TSK004125,1
VEH000277,TSK004125,1
VEH000089,TSK004125,1
VEH000288,TSK004125,1
VEH000377,TSK004125,1
VEH000231,TSK004125,0
VEH000092,TSK004125,0
VEH000263,TSK004125,1
VEH000047,TSK004125,1
VEH000095,TSK004125,1
VEH000440,TSK004125,0
VEH000427,TSK004125,1
VEH000031,TSK004125,0
VEH000309,TSK004125,1
VEH000094,TSK004125,1
VEH000003,TSK004125,1
VEH000318,TSK004125,1
VEH000499,TSK004125,1
VEH000388,TSK004125,1
VEH000397,TSK004125,1
VEH000218,TSK004125,0
VEH000467,TSK004125,0
VEH000100,TSK004125,1
VEH000275,TSK004125,1
VEH000065,TSK004125,1
VEH000299,TSK004125,1
VEH000533,TSK004125,1
VEH000416,TSK004125,1
VEH000058,TSK004125,1
VEH000301,TSK004125,1
VEH000034,TSK004125,1
VEH000043,TSK004125,1
VEH000517,TSK004125,0
VEH000307,TSK004125,1
VEH000422,TSK004125,1
VEH000281,TSK004125,1
VEH000354,TSK004125,1
VEH000386,TSK004125,1
VEH000324,TSK004125,1
VEH000251,TSK004125,1
VEH000313,TSK004125,1
VEH000477,TSK004125,1
VEH000478,TSK004125,1
VEH000265,TSK004125,1
VEH000221,TSK004125,1
VEH000068,TSK004125,1
VEH000431,TSK004125,1
VEH000071,TSK004125,1
VEH000521,TSK004125,0
VEH000053,TSK004125,1
VEH000269,TSK004125,1
VEH000336,TSK004125,1
VEH000341,TSK004125,1
VEH000261,TSK004125,1
VEH000042,TSK004125,0
VEH000353,TSK004125,1
VEH000308,TSK004125,1
VEH000296,TSK004125,0
VEH000078,TSK004125,1
VEH000511,TSK004125,0
VEH000529,TSK004125,1
VEH000220,TSK004125,1
VEH000037,TSK004125,1
VEH000367,TSK004125,1
VEH000368,TSK004125,1
VEH000411,TSK004125,1
VEH000085,TSK004125,0
VEH000098,TSK004125,1
VEH000395,TSK004125,0
VEH000420,TSK004125,1
VEH000083,TSK004125,0
VEH000024,TSK004125,1
VEH000025,TSK004125,1
VEH000280,TSK004125,1
VEH000523,TSK004125,0
VEH000080,TSK004143,1
VEH000323,TSK004143,1
VEH000340,TSK004143,0
VEH000520,TSK004143,0
VEH000379,TSK004143,1
VEH000328,TSK004143,0
VEH000346,TSK004143,1
VEH000305,TSK004143,0
VEH000060,TSK004143,1
VEH000272,TSK004143,1
VEH000352,TSK004143,1
VEH000045,TSK004143,0
VEH000361,TSK004143,1
VEH000257,TSK004143,0
VEH000421,TSK004143,0
VEH000337,TSK004143,1
VEH000248,TSK004143,0
VEH000402,TSK004143,1
VEH000064,TSK004143,1
VEH000459,TSK004143,1
VEH000484,TSK004143,1
VEH000455,TSK004143,1
VEH000373,TSK004143,1
VEH000516,TSK004143,1
VEH000091,TSK004143,1
VEH000011,TSK004143,1
VEH000277,TSK004143,1
VEH000089,TSK004143,0
VEH000288,TSK004143,1
VEH000377,TSK004143,1
VEH000231,TSK004143,1
VEH000092,TSK004143,1
VEH000263,TSK004143,1
VEH000047,TSK004143,1
VEH000095,TSK004143,1
VEH000440,TSK004143,1
VEH000427,TSK004143,0
VEH000031,TSK004143,1
VEH000309,TSK004143,1
VEH000094,TSK004143,1
VEH000003,TSK004143,1
VEH000318,TSK004143,1
VEH000499,TSK004143,0
VEH000388,TSK004143,1
VEH000397,TSK004143,1
VEH000218,TSK004143,1
VEH000467,TSK004143,1
VEH000100,TSK004143,0
VEH000275,TSK004143,1
VEH000065,TSK004143,1
VEH000299,TSK004143,0
VEH000533,TSK004143,1
VEH000416,TSK004143,1
VEH000058,TSK004143,1
VEH000301,TSK004143,0
VEH000034,TSK004143,1
VEH000043,TSK004143,1
VEH000517,TSK004143,1
VEH000307,TSK004143,1
VEH000422,TSK004143,1
VEH000281,TSK004143,1
VEH000354,TSK004143,1
VEH000386,TSK004143,1
VEH000324,TSK004143,1
VEH000251,TSK004143,1
VEH000313,TSK004143,1
VEH000477,TSK004143,1
VEH000478,TSK004143,1
VEH000265,TSK004143,1
VEH000221,TSK004143,1
VEH000068,TSK004143,1
VEH000431,TSK004143,0
VEH000071,TSK004143,1
VEH000521,TSK004143,1
VEH000053,TSK004143,1
VEH000269,TSK004143,1
VEH000336,TSK004143,0
VEH000341,TSK004143,1
VEH000261,TSK004143,1
VEH000042,TSK004143,1
VEH000353,TSK004143,1
VEH000308,TSK004143,1
VEH000296,TSK004143,1
VEH000078,TSK004143,0
VEH000511,TSK004143,0
VEH000529,TSK004143,1
VEH000220,TSK004143,1
VEH000037,TSK004143,1
VEH000367,TSK004143,0
VEH000368,TSK004143,1
VEH000411,TSK004143,1
VEH000085,TSK004143,0
VEH000098,TSK004143,1
VEH000395,TSK004143,1
VEH000420,TSK004143,1
VEH000083,TSK004143,1
VEH000024,TSK004143,1
VEH000025,TSK004143,1
VEH000280,TSK004143,1
VEH000523,TSK004143,1
VEH000080,TSK004149,1
VEH000323,TSK004149,1
VEH000340,TSK004149,1
VEH000520,TSK004149,1
VEH000379,TSK004149,1
VEH000328,TSK004149,1
VEH000346,TSK004149,1
VEH000305,TSK004149,0
VEH000060,TSK004149,1
VEH000272,TSK004149,1
VEH000352,TSK004149,1
VEH000045,TSK004149,0
VEH000361,TSK004149,1
VEH000257,TSK004149,1
VEH000421,TSK004149,1
VEH000337,TSK004149,1
VEH000248,TSK004149,1
VEH000402,TSK004149,1
VEH000064,TSK004149,1
VEH000459,TSK004149,1
VEH000484,TSK004149,1
VEH000455,TSK004149,1
VEH000373,TSK004149,1
VEH000516,TSK004149,1
VEH000091,TSK004149,0
VEH000011,TSK004149,1
VEH000277,TSK004149,1
VEH000089,TSK004149,1
VEH000288,TSK004149,0
VEH000377,TSK004149,1
VEH000231,TSK004149,1
VEH000092,TSK004149,0
VEH000263,TSK004149,0
VEH000047,TSK004149,1
VEH000095,TSK004149,1
VEH000440,TSK004149,1
VEH000427,TSK004149,1
VEH000031,TSK004149,1
VEH000309,TSK004149,1
VEH000094,TSK004149,1
VEH000003,TSK004149,1
VEH000318,TSK004149,0
VEH000499,TSK004149,1
VEH000388,TSK004149,1
VEH000397,TSK004149,1
VEH000218,TSK004149,0
VEH000467,TSK004149,1
VEH000100,TSK004149,1
VEH000275,TSK004149,1
VEH000065,TSK004149,1
VEH000299,TSK004149,0
VEH000533,TSK004149,1
VEH000416,TSK004149,0
VEH000058,TSK004149,1
VEH000301,TSK004149,1
VEH000034,TSK004149,1
VEH000043,TSK004149,0
VEH000517,TSK004149,1
VEH000307,TSK004149,1
VEH000422,TSK004149,0
VEH000281,TSK004149,1
VEH000354,TSK004149,1
VEH000386,TSK004149,1
VEH000324,TSK004149,1
VEH000251,TSK004149,0
VEH000313,TSK004149,0
VEH000477,TSK004149,1
VEH000478,TSK004149,1
VEH000265,TSK004149,1
VEH000221,TSK004149,1
VEH000068,TSK004149,1
VEH000431,TSK004149,1
VEH000071,TSK004149,1
VEH000521,TSK004149,1
VEH000053,TSK004149,1
VEH000269,TSK004149,1
VEH000336,TSK004149,1
VEH000341,TSK004149,1
VEH000261,TSK004149,1
VEH000042,TSK004149,0
VEH000353,TSK004149,1
VEH000308,TSK004149,0
VEH000296,TSK004149,0
VEH000078,TSK004149,1
VEH000511,TSK004149,0
VEH000529,TSK004149,0
VEH000220,TSK004149,1
VEH000037,TSK004149,1
VEH000367,TSK004149,1
VEH000368,TSK004149,1
VEH000411,TSK004149,1
VEH000085,TSK004149,1
VEH000098,TSK004149,1
VEH000395,TSK004149,1
VEH000420,TSK004149,1
VEH000083,TSK004149,0
VEH000024,TSK004149,1
VEH000025,TSK004149,1
VEH000280,TSK004149,1
VEH000523,TSK004149,1
VEH000080,TSK004176,1
VEH000323,TSK004176,1
VEH000340,TSK004176,0
VEH000520,TSK004176,1
VEH000379,TSK004176,1
VEH000328,TSK004176,1
VEH000346,TSK004176,0
VEH000305,TSK004176,1
VEH000060,TSK004176,1
VEH000272,TSK004176,0
VEH000352,TSK004176,0
VEH000045,TSK004176,1
VEH000361,TSK004176,1
VEH000257,TSK004176,0
VEH000421,TSK004176,1
VEH000337,TSK004176,1
VEH000248,TSK004176,1
VEH000402,TSK004176,1
VEH000064,TSK004176,1
VEH000459,TSK004176,0
VEH000484,TSK004176,1
VEH000455,TSK004176,1
VEH000373,TSK004176,1
VEH000516,TSK004176,1
VEH000091,TSK004176,1
VEH000011,TSK004176,0
VEH000277,TSK004176,1
VEH000089,TSK004176,1
VEH000288,TSK004176,1
VEH000377,TSK004176,1
VEH000231,TSK004176,0
VEH000092,TSK004176,1
VEH000263,TSK004176,1
VEH000047,TSK004176,1
VEH000095,TSK004176,0
VEH000440,TSK004176,1
VEH000427,TSK004176,1
VEH000031,TSK004176,1
VEH000309,TSK004176,1
VEH000094,TSK004176,1
VEH000003,TSK004176,1
VEH000318,TSK004176,1
VEH000499,TSK004176,1
VEH000388,TSK004176,1
VEH000397,TSK004176,1
VEH000218,TSK004176,1
VEH000467,TSK004176,1
VEH000100,TSK004176,0
VEH000275,TSK004176,1
VEH000065,TSK004176,0
VEH000299,TSK004176,1
VEH000533,TSK004176,0
VEH000416,TSK004176,1
VEH000058,TSK004176,1
VEH000301,TSK004176,1
VEH000034,TSK004176,1
VEH000043,TSK004176,1
VEH000517,TSK004176,1
VEH000307,TSK004176,0
VEH000422,TSK004176,1
VEH000281,TSK004176,1
VEH000354,TSK004176,1
VEH000386,TSK004176,1
VEH000324,TSK004176,1
VEH000251,TSK004176,1
VEH000313,TSK004176,1
VEH000477,TSK004176,1
VEH000478,TSK004176,1
VEH000265,TSK004176,1
VEH000221,TSK004176,1
VEH000068,TSK004176,1
VEH000431,TSK004176,1
VEH000071,TSK004176,1
VEH000521,TSK004176,1
VEH000053,TSK004176,1
VEH000269,TSK004176,1
VEH000336,TSK004176,0
VEH000341,TSK004176,0
VEH000261,TSK004176,1
VEH000042,TSK004176,1
VEH000353,TSK004176,1
VEH000308,TSK004176,1
VEH000296,TSK004176,1
VEH000078,TSK004176,1
VEH000511,TSK004176,0
VEH000529,TSK004176,1
VEH000220,TSK004176,0
VEH000037,TSK004176,1
VEH000367,TSK004176,1
VEH000368,TSK004176,1
VEH000411,TSK004176,1
VEH000085,TSK004176,0
VEH000098,TSK004176,0
VEH000395,TSK004176,1
VEH000420,TSK004176,1
VEH000083,TSK004176,1
VEH000024,TSK004176,0
VEH000025,TSK004176,1
VEH000280,TSK004176,1
VEH000523,TSK004176,1
VEH000080,TSK004204,0
VEH000323,TSK004204,1
VEH000340,TSK004204,1
VEH000520,TSK004204,0
VEH000379,TSK004204,1
VEH000328,TSK004204,0
VEH000346,TSK004204,1
VEH000305,TSK004204,1
VEH000060,TSK004204,1
VEH000272,TSK004204,1
VEH000352,TSK004204,1
VEH000045,TSK004204,1
VEH000361,TSK004204,1
VEH000257,TSK004204,1
VEH000421,TSK004204,1
VEH000337,TSK004204,1
VEH000248,TSK004204,1
VEH000402,TSK004204,1
VEH000064,TSK004204,0
VEH000459,TSK004204,1
VEH000484,TSK004204,0
VEH000455,TSK004204,1
VEH000373,TSK004204,0
VEH000516,TSK004204,1
VEH000091,TSK004204,1
VEH000011,TSK004204,1
VEH000277,TSK004204,1
VEH000089,TSK004204,1
VEH000288,TSK004204,1
VEH000377,TSK004204,1
VEH000231,TSK004204,1
VEH000092,TSK004204,1
VEH000263,TSK004204,1
VEH000047,TSK004204,1
VEH000095,TSK004204,1
VEH000440,TSK004204,0
VEH000427,TSK004204,1
VEH000031,TSK004204,1
VEH000309,TSK004204,0
VEH000094,TSK004204,1
VEH000003,TSK004204,0
VEH000318,TSK004204,1
VEH000499,TSK004204,1
VEH000388,TSK004204,0
VEH000397,TSK004204,1
VEH000218,TSK004204,1
VEH000467,TSK004204,1
VEH000100,TSK004204,1
VEH000275,TSK004204,0
VEH000065,TSK004204,1
VEH000299,TSK004204,1
VEH000533,TSK004204,1
VEH000416,TSK004204,1
VEH000058,TSK004204,1
VEH000301,TSK004204,1
VEH000034,TSK004204,1
VEH000043,TSK004204,1
VEH000517,TSK004204,0
VEH000307,TSK004204,1
VEH000422,TSK004204,1
VEH000281,TSK004204,0
VEH000354,TSK004204,1
VEH000386,TSK004204,1
VEH000324,TSK004204,1
VEH000251,TSK004204,1
VEH000313,TSK004204,1
VEH000477,TSK004204,1
VEH000478,TSK004204,1
VEH000265,TSK004204,1
VEH000221,TSK004204,1
VEH000068,TSK004204,1
VEH000431,TSK004204,1
VEH000071,TSK004204,1
VEH000521,TSK004204,1
VEH000053,TSK004204,1
VEH000269,TSK004204,0
VEH000336,TSK004204,1
VEH000341,TSK004204,0
VEH000261,TSK004204,1
VEH000042,TSK004204,0
VEH000353,TSK004204,1
VEH000308,TSK004204,1
VEH000296,TSK004204,1
VEH000078,TSK004204,0
VEH000511,TSK004204,1
VEH000529,TSK004204,0
VEH000220,TSK004204,0
VEH000037,TSK004204,1
VEH000367,TSK004204,1
VEH000368,TSK004204,1
VEH000411,TSK004204,1
VEH000085,TSK004204,1
VEH000098,TSK004204,1
VEH000395,TSK004204,1
VEH000420,TSK004204,0
VEH000083,TSK004204,1
VEH000024,TSK004204,1
VEH000025,TSK004204,1
VEH000280,TSK004204,1
VEH000523,TSK004204,1
VEH000080,TSK004232,0
VEH000323,TSK004232,1
VEH000340,TSK004232,1
VEH000520,TSK004232,1
VEH000379,TSK004232,1
VEH000328,TSK004232,1
VEH000346,TSK004232,1
VEH000305,TSK004232,1
VEH000060,TSK004232,1
VEH000272,TSK004232,1
VEH000352,TSK004232,1
VEH000045,TSK004232,1
VEH000361,TSK004232,1
VEH000257,TSK004232,0
VEH000421,TSK004232,1
VEH000337,TSK004232,1
VEH000248,TSK004232,1
VEH000402,TSK004232,1
VEH000064,TSK004232,1
VEH000459,TSK004232,0
VEH000484,TSK004232,0
VEH000455,TSK004232,1
VEH000373,TSK004232,0
VEH000516,TSK004232,0
VEH000091,TSK004232,1
VEH000011,TSK004232,0
VEH000277,TSK004232,1
VEH000089,TSK004232,1
VEH000288,TSK004232,1
VEH000377,TSK004232,0
VEH000231,TSK004232,1
VEH000092,TSK004232,1
VEH000263,TSK004232,1
VEH000047,TSK004232,1
VEH000095,TSK004232,1
VEH000440,TSK004232,1
VEH000427,TSK004232,0
VEH000031,TSK004232,1
VEH000309,TSK004232,1
VEH000094,TSK004232,1
VEH000003,TSK004232,1
VEH000318,TSK004232,1
VEH000499,TSK004232,1
VEH000388,TSK004232,1
VEH000397,TSK004232,1
VEH000218,TSK004232,1
VEH000467,TSK004232,1
VEH000100,TSK004232,1
VEH000275,TSK004232,1
VEH000065,TSK004232,1
VEH000299,TSK004232,1
VEH000533,TSK004232,1
VEH000416,TSK004232,1
VEH000058,TSK004232,1
VEH000301,TSK004232,1
VEH000034,TSK004232,1
VEH000043,TSK004232,1
VEH000517,TSK004232,1
VEH000307,TSK004232,1
VEH000422,TSK004232,1
VEH000281,TSK004232,1
VEH000354,TSK004232,0
VEH000386,TSK004232,0
VEH000324,TSK004232,1
VEH000251,TSK004232,1
VEH000313,TSK004232,1
VEH000477,TSK004232,1
VEH000478,TSK004232,0
VEH000265,TSK004232,1
VEH000221,TSK004232,1
VEH000068,TSK004232,1
VEH000431,TSK004232,1
VEH000071,TSK004232,1
VEH000521,TSK004232,1
VEH000053,TSK004232,0
VEH000269,TSK004232,1
VEH000336,TSK004232,1
VEH000341,TSK004232,1
VEH000261,TSK004232,1
VEH000042,TSK004232,0
VEH000353,TSK004232,1
VEH000308,TSK004232,1
VEH000296,TSK004232,1
VEH000078,TSK004232,0
VEH000511,TSK004232,1
VEH000529,TSK004232,1
VEH000220,TSK004232,1
VEH000037,TSK004232,1
VEH000367,TSK004232,1
VEH000368,TSK004232,1
VEH000411,TSK004232,1
VEH000085,TSK004232,0
VEH000098,TSK004232,0
VEH000395,TSK004232,0
VEH000420,TSK004232,1
VEH000083,TSK004232,1
VEH000024,TSK004232,0
VEH000025,TSK004232,1
VEH000280,TSK004232,0
VEH000523,TSK004232,1
VEH000080,TSK004309,1
VEH000323,TSK004309,1
VEH000340,TSK004309,0
VEH000520,TSK004309,1
VEH000379,TSK004309,1
VEH000328,TSK004309,1
VEH000346,TSK004309,1
VEH000305,TSK004309,1
VEH000060,TSK004309,1
VEH000272,TSK004309,1
VEH000352,TSK004309,1
VEH000045,TSK004309,1
VEH000361,TSK004309,1
VEH000257,TSK004309,1
VEH000421,TSK004309,1
VEH000337,TSK004309,1
VEH000248,TSK004309,1
VEH000402,TSK004309,1
VEH000064,TSK004309,1
VEH000459,TSK004309,1
VEH000484,TSK004309,1
VEH000455,TSK004309,0
VEH000373,TSK004309,1
VEH000516,TSK004309,1
VEH000091,TSK004309,0
VEH000011,TSK004309,1
VEH000277,TSK004309,1
VEH000089,TSK004309,0
VEH000288,TSK004309,1
VEH000377,TSK004309,0
VEH000231,TSK004309,1
VEH000092,TSK004309,1
VEH000263,TSK004309,0
VEH000047,TSK004309,1
VEH000095,TSK004309,0
VEH000440,TSK004309,1
VEH000427,TSK004309,1
VEH000031,TSK004309,0
VEH000309,TSK004309,0
VEH000094,TSK004309,1
VEH000003,TSK004309,0
VEH000318,TSK004309,1
VEH000499,TSK004309,1
VEH000388,TSK004309,1
VEH000397,TSK004309,1
VEH000218,TSK004309,1
VEH000467,TSK004309,1
VEH000100,TSK004309,0
VEH000275,TSK004309,1
VEH000065,TSK004309,1
VEH000299,TSK004309,1
VEH000533,TSK004309,1
VEH000416,TSK004309,1
VEH000058,TSK004309,1
VEH000301,TSK004309,1
VEH000034,TSK004309,1
VEH000043,TSK004309,0
VEH000517,TSK004309,0
VEH000307,TSK004309,1
VEH000422,TSK004309,0
VEH000281,TSK004309,0
VEH000354,TSK004309,1
VEH000386,TSK004309,1
VEH000324,TSK004309,1
VEH000251,TSK004309,1
VEH000313,TSK004309,1
VEH000477,TSK004309,1
VEH000478,TSK004309,1
VEH000265,TSK004309,1
VEH000221,TSK004309,0
VEH000068,TSK004309,1
VEH000431,TSK004309,1
VEH000071,TSK004309,1
VEH000521,TSK004309,1
VEH000053,TSK004309,1
VEH000269,TSK004309,1
VEH000336,TSK004309,1
VEH000341,TSK004309,1
VEH000261,TSK004309,1
VEH000042,TSK004309,1
VEH000353,TSK004309,1
VEH000308,TSK004309,1
VEH000296,TSK004309,0
VEH000078,TSK004309,1
VEH000511,TSK004309,1
VEH000529,TSK004309,1
VEH000220,TSK004309,1
VEH000037,TSK004309,1
VEH000367,TSK004309,1
VEH000368,TSK004309,0
VEH000411,TSK004309,1
VEH000085,TSK004309,1
VEH000098,TSK004309,1
VEH000395,TSK004309,1
VEH000420,TSK004309,0
VEH000083,TSK004309,0
VEH000024,TSK004309,1
VEH000025,TSK004309,1
VEH000280,TSK004309,1
VEH000523,TSK004309,1
VEH000080,TSK004313,1
VEH000323,TSK004313,1
VEH000340,TSK004313,1
VEH000520,TSK004313,1
VEH000379,TSK004313,1
VEH000328,TSK004313,1
VEH000346,TSK004313,1
VEH000305,TSK004313,1
VEH000060,TSK004313,1
VEH000272,TSK004313,1
VEH000352,TSK004313,1
VEH000045,TSK004313,1
VEH000361,TSK004313,1
VEH000257,TSK004313,1
VEH000421,TSK004313,1
VEH000337,TSK004313,1
VEH000248,TSK004313,1
VEH000402,TSK004313,1
VEH000064,TSK004313,1
VEH000459,TSK004313,0
VEH000484,TSK004313,1
VEH000455,TSK004313,1
VEH000373,TSK004313,1
VEH000516,TSK004313,1
VEH000091,TSK004313,1
VEH000011,TSK004313,1
VEH000277,TSK004313,1
VEH000089,TSK004313,0
VEH000288,TSK004313,0
VEH000377,TSK004313,1
VEH000231,TSK004313,1
VEH000092,TSK004313,1
VEH000263,TSK004313,0
VEH000047,TSK004313,1
VEH000095,TSK004313,0
VEH000440,TSK004313,0
VEH000427,TSK004313,0
VEH000031,TSK004313,1
VEH000309,TSK004313,1
VEH000094,TSK004313,1
VEH000003,TSK004313,1
VEH000318,TSK004313,1
VEH000499,TSK004313,1
VEH000388,TSK004313,0
VEH000397,TSK004313,1
VEH000218,TSK004313,0
VEH000467,TSK004313,1
VEH000100,TSK004313,1
VEH000275,TSK004313,1
VEH000065,TSK004313,1
VEH000299,TSK004313,1
VEH000533,TSK004313,1
VEH000416,TSK004313,0
VEH000058,TSK004313,1
VEH000301,TSK004313,1
VEH000034,TSK004313,1
VEH000043,TSK004313,0
VEH000517,TSK004313,1
VEH000307,TSK004313,0
VEH000422,TSK004313,1
VEH000281,TSK004313,1
VEH000354,TSK004313,0
VEH000386,TSK004313,1
VEH000324,TSK004313,1
VEH000251,TSK004313,1
VEH000313,TSK004313,1
VEH000477,TSK004313,1
VEH000478,TSK004313,1
VEH000265,TSK004313,1
VEH000221,TSK004313,0
VEH000068,TSK004313,1
VEH000431,TSK004313,1
VEH000071,TSK004313,1
VEH000521,TSK004313,1
VEH000053,TSK004313,0
VEH000269,TSK004313,1
VEH000336,TSK004313,1
VEH000341,TSK004313,1
VEH000261,TSK004313,0
VEH000042,TSK004313,1
VEH000353,TSK004313,1
VEH000308,TSK004313,1
VEH000296,TSK004313,1
VEH000078,TSK004313,0
VEH000511,TSK004313,1
VEH000529,TSK004313,1
VEH000220,TSK004313,1
VEH000037,TSK004313,1
VEH000367,TSK004313,0
VEH000368,TSK004313,1
VEH000411,TSK004313,0
VEH000085,TSK004313,1
VEH000098,TSK004313,1
VEH000395,TSK004313,1
VEH000420,TSK004313,1
VEH000083,TSK004313,1
VEH000024,TSK004313,1
VEH000025,TSK004313,1
VEH000280,TSK004313,1
VEH000523,TSK004313,0
VEH000080,TSK004329,1
VEH000323,TSK004329,1
VEH000340,TSK004329,1
VEH000520,TSK004329,1
VEH000379,TSK004329,1
VEH000328,TSK004329,1
VEH000346,TSK004329,0
VEH000305,TSK004329,1
VEH000060,TSK004329,1
VEH000272,TSK004329,0
VEH000352,TSK004329,1
VEH000045,TSK004329,1
VEH000361,TSK004329,0
VEH000257,TSK004329,1
VEH000421,TSK004329,1
VEH000337,TSK004329,0
VEH000248,TSK004329,1
VEH000402,TSK004329,1
VEH000064,TSK004329,0
VEH000459,TSK004329,0
VEH000484,TSK004329,1
VEH000455,TSK004329,1
VEH000373,TSK004329,1
VEH000516,TSK004329,1
VEH000091,TSK004329,0
VEH000011,TSK004329,1
VEH000277,TSK004329,0
VEH000089,TSK004329,1
VEH000288,TSK004329,1
VEH000377,TSK004329,1
VEH000231,TSK004329,1
VEH000092,TSK004329,1
VEH000263,TSK004329,1
VEH000047,TSK004329,0
VEH000095,TSK004329,1
VEH000440,TSK004329,1
VEH000427,TSK004329,1
VEH000031,TSK004329,1
VEH000309,TSK004329,1
VEH000094,TSK004329,1
VEH000003,TSK004329,0
VEH000318,TSK004329,0
VEH000499,TSK004329,0
VEH000388,TSK004329,1
VEH000397,TSK004329,1
VEH000218,TSK004329,1
VEH000467,TSK004329,1
VEH000100,TSK004329,0
VEH000275,TSK004329,0
VEH000065,TSK004329,1
VEH000299,TSK004329,1
VEH000533,TSK004329,1
VEH000416,TSK004329,1
VEH000058,TSK004329,0
VEH000301,TSK004329,1
VEH000034,TSK004329,1
VEH000043,TSK004329,1
VEH000517,TSK004329,0
VEH000307,TSK004329,1
VEH000422,TSK004329,1
VEH000281,TSK004329,1
VEH000354,TSK004329,1
VEH000386,TSK004329,0
VEH000324,TSK004329,1
VEH000251,TSK004329,1
VEH000313,TSK004329,1
VEH000477,TSK004329,1
VEH000478,TSK004329,1
VEH000265,TSK004329,1
VEH000221,TSK004329,1
VEH000068,TSK004329,1
VEH000431,TSK004329,1
VEH000071,TSK004329,1
VEH000521,TSK004329,1
VEH000053,TSK004329,1
VEH000269,TSK004329,1
VEH000336,TSK004329,1
VEH000341,TSK004329,1
VEH000261,TSK004329,1
VEH000042,TSK004329,1
VEH000353,TSK004329,1
VEH000308,TSK004329,1
VEH000296,TSK004329,1
VEH000078,TSK004329,1
VEH000511,TSK004329,1
VEH000529,TSK004329,0
VEH000220,TSK004329,0
VEH000037,TSK004329,1
VEH000367,TSK004329,1
VEH000368,TSK004329,1
VEH000411,TSK004329,1
VEH000085,TSK004329,1
VEH000098,TSK004329,1
VEH000395,TSK004329,1
VEH000420,TSK004329,1
VEH000083,TSK004329,0
VEH000024,TSK004329,1
VEH000025,TSK004329,1
VEH000280,TSK004329,1
VEH000523,TSK004329,1
VEH000080,TSK004360,0
VEH000323,TSK004360,1
VEH000340,TSK004360,1
VEH000520,TSK004360,1
VEH000379,TSK004360,1
VEH000328,TSK004360,1
VEH000346,TSK004360,1
VEH000305,TSK004360,1
VEH000060,TSK004360,1
VEH000272,TSK004360,0
VEH000352,TSK004360,1
VEH000045,TSK004360,1
VEH000361,TSK004360,1
VEH000257,TSK004360,1
VEH000421,TSK004360,0
VEH000337,TSK004360,1
VEH000248,TSK004360,1
VEH000402,TSK004360,1
VEH000064,TSK004360,1
VEH000459,TSK004360,1
VEH000484,TSK004360,1
VEH000455,TSK004360,1
VEH000373,TSK004360,1
VEH000516,TSK004360,1
VEH000091,TSK004360,1
VEH000011,TSK004360,1
VEH000277,TSK004360,0
VEH000089,TSK004360,1
VEH000288,TSK004360,0
VEH000377,TSK004360,1
VEH000231,TSK004360,1
VEH000092,TSK004360,1
VEH000263,TSK004360,0
VEH000047,TSK004360,1
VEH000095,TSK004360,1
VEH000440,TSK004360,1
VEH000427,TSK004360,1
VEH000031,TSK004360,1
VEH000309,TSK004360,1
VEH000094,TSK004360,1
VEH000003,TSK004360,1
VEH000318,TSK004360,0
VEH000499,TSK004360,0
VEH000388,TSK004360,1
VEH000397,TSK004360,0
VEH000218,TSK004360,1
VEH000467,TSK004360,1
VEH000100,TSK004360,1
VEH000275,TSK004360,1
VEH000065,TSK004360,0
VEH000299,TSK004360,1
VEH000533,TSK004360,1
VEH000416,TSK004360,1
VEH000058,TSK004360,0
VEH000301,TSK004360,0
VEH000034,TSK004360,1
VEH000043,TSK004360,1
VEH000517,TSK004360,1
VEH000307,TSK004360,1
VEH000422,TSK004360,0
VEH000281,TSK004360,0
VEH000354,TSK004360,1
VEH000386,TSK004360,1
VEH000324,TSK004360,1
VEH000251,TSK004360,0
VEH000313,TSK004360,1
VEH000477,TSK004360,1
VEH000478,TSK004360,1
VEH000265,TSK004360,0
VEH000221,TSK004360,1
VEH000068,TSK004360,1
VEH000431,TSK004360,1
VEH000071,TSK004360,1
VEH000521,TSK004360,1
VEH000053,TSK004360,1
VEH000269,TSK004360,1
VEH000336,TSK004360,0
VEH000341,TSK004360,1
VEH000261,TSK004360,1
VEH000042,TSK004360,1
VEH000353,TSK004360,1
VEH000308,TSK004360,1
VEH000296,TSK004360,1
VEH000078,TSK004360,1
VEH000511,TSK004360,1
VEH000529,TSK004360,1
VEH000220,TSK004360,1
VEH000037,TSK004360,1
VEH000367,TSK004360,1
VEH000368,TSK004360,0
VEH000411,TSK004360,1
VEH000085,TSK004360,1
VEH000098,TSK004360,1
VEH000395,TSK004360,1
VEH000420,TSK004360,1
VEH000083,TSK004360,1
VEH000024,TSK004360,1
VEH000025,TSK004360,1
VEH000280,TSK004360,0
VEH000523,TSK004360,0
VEH000080,TSK004572,0
VEH000323,TSK004572,1
VEH000340,TSK004572,0
VEH000520,TSK004572,0
VEH000379,TSK004572,1
VEH000328,TSK004572,1
VEH000346,TSK004572,1
VEH000305,TSK004572,1
VEH000060,TSK004572,1
VEH000272,TSK004572,0
VEH000352,TSK004572,1
VEH000045,TSK004572,1
VEH000361,TSK004572,1
VEH000257,TSK004572,1
VEH000421,TSK004572,1
VEH000337,TSK004572,0
VEH000248,TSK004572,0
VEH000402,TSK004572,1
VEH000064,TSK004572,1
VEH000459,TSK004572,1
VEH000484,TSK004572,1
VEH000455,TSK004572,1
VEH000373,TSK004572,1
VEH000516,TSK004572,1
VEH000091,TSK004572,1
VEH000011,TSK004572,0
VEH000277,TSK004572,0
VEH000089,TSK004572,1
VEH000288,TSK004572,1
VEH000377,TSK004572,1
VEH000231,TSK004572,1
VEH000092,TSK004572,0
VEH000263,TSK004572,1
VEH000047,TSK004572,0
VEH000095,TSK004572,0
VEH000440,TSK004572,1
VEH000427,TSK004572,1
VEH000031,TSK004572,1
VEH000309,TSK004572,1
VEH000094,TSK004572,1
VEH000003,TSK004572,1
VEH000318,TSK004572,1
VEH000499,TSK004572,1
VEH000388,TSK004572,1
VEH000397,TSK004572,1
VEH000218,TSK004572,1
VEH000467,TSK004572,1
VEH000100,TSK004572,1
VEH000275,TSK004572,1
VEH000065,TSK004572,1
VEH000299,TSK004572,1
VEH000533,TSK004572,1
VEH000416,TSK004572,1
VEH000058,TSK004572,1
VEH000301,TSK004572,1
VEH000034,TSK004572,1
VEH000043,TSK004572,1
VEH000517,TSK004572,1
VEH000307,TSK004572,1
VEH000422,TSK004572,1
VEH000281,TSK004572,1
VEH000354,TSK004572,1
VEH000386,TSK004572,1
VEH000324,TSK004572,1
VEH000251,TSK004572,0
VEH000313,TSK004572,0
VEH000477,TSK004572,1
VEH000478,TSK004572,0
VEH000265,TSK004572,1
VEH000221,TSK004572,0
VEH000068,TSK004572,1
VEH000431,TSK004572,1
VEH000071,TSK004572,1
VEH000521,TSK004572,0
VEH000053,TSK004572,0
VEH000269,TSK004572,0
VEH000336,TSK004572,1
VEH000341,TSK004572,1
VEH000261,TSK004572,1
VEH000042,TSK004572,1
VEH000353,TSK004572,1
VEH000308,TSK004572,0
VEH000296,TSK004572,1
VEH000078,TSK004572,1
VEH000511,TSK004572,1
VEH000529,TSK004572,1
VEH000220,TSK004572,1
VEH000037,TSK004572,1
VEH000367,TSK004572,1
VEH000368,TSK004572,1
VEH000411,TSK004572,1
VEH000085,TSK004572,1
VEH000098,TSK004572,0
VEH000395,TSK004572,1
VEH000420,TSK004572,1
VEH000083,TSK004572,1
VEH000024,TSK004572,1
VEH000025,TSK004572,1
VEH000280,TSK004572,1
VEH000523,TSK004572,1
VEH000080,TSK004625,0
VEH000323,TSK004625,1
VEH000340,TSK004625,1
VEH000520,TSK004625,1
VEH000379,TSK004625,0
VEH000328,TSK004625,1
VEH000346,TSK004625,0
VEH000305,TSK004625,0
VEH000060,TSK004625,1
VEH000272,TSK004625,1
VEH000352,TSK004625,1
VEH000045,TSK004625,0
VEH000361,TSK004625,1
VEH000257,TSK004625,1
VEH000421,TSK004625,1
VEH000337,TSK004625,1
VEH000248,TSK004625,0
VEH000402,TSK004625,0
VEH000064,TSK004625,1
VEH000459,TSK004625,1
VEH000484,TSK004625,1
VEH000455,TSK004625,1
VEH000373,TSK004625,1
VEH000516,TSK004625,1
VEH000091,TSK004625,1
VEH000011,TSK004625,1
VEH000277,TSK004625,1
VEH000089,TSK004625,1
VEH000288,TSK004625,0
VEH000377,TSK004625,1
VEH000231,TSK004625,1
VEH000092,TSK004625,1
VEH000263,TSK004625,1
VEH000047,TSK004625,1
VEH000095,TSK004625,1
VEH000440,TSK004625,1
VEH000427,TSK004625,1
VEH000031,TSK004625,0
VEH000309,TSK004625,0
VEH000094,TSK004625,1
VEH000003,TSK004625,1
VEH000318,TSK004625,1
VEH000499,TSK004625,0
VEH000388,TSK004625,0
VEH000397,TSK004625,0
VEH000218,TSK004625,1
VEH000467,TSK004625,1
VEH000100,TSK004625,1
VEH000275,TSK004625,1
VEH000065,TSK004625,0
VEH000299,TSK004625,1
VEH000533,TSK004625,1
VEH000416,TSK004625,1
VEH000058,TSK004625,1
VEH000301,TSK004625,1
VEH000034,TSK004625,1
VEH000043,TSK004625,1
VEH000517,TSK004625,1
VEH000307,TSK004625,1
VEH000422,TSK004625,1
VEH000281,TSK004625,0
VEH000354,TSK004625,1
VEH000386,TSK004625,1
VEH000324,TSK004625,1
VEH000251,TSK004625,1
VEH000313,TSK004625,0
VEH000477,TSK004625,1
VEH000478,TSK004625,0
VEH000265,TSK004625,1
VEH000221,TSK004625,1
VEH000068,TSK004625,1
VEH000431,TSK004625,0
VEH000071,TSK004625,1
VEH000521,TSK004625,1
VEH000053,TSK004625,0
VEH000269,TSK004625,1
VEH000336,TSK004625,1
VEH000341,TSK004625,1
VEH000261,TSK004625,1
VEH000042,TSK004625,1
VEH000353,TSK004625,0
VEH000308,TSK004625,1
VEH000296,TSK004625,1
VEH000078,TSK004625,1
VEH000511,TSK004625,1
VEH000529,TSK004625,1
VEH000220,TSK004625,1
VEH000037,TSK004625,1
VEH000367,TSK004625,1
VEH000368,TSK004625,1
VEH000411,TSK004625,1
VEH000085,TSK004625,1
VEH000098,TSK004625,1
VEH000395,TSK004625,1
VEH000420,TSK004625,1
VEH000083,TSK004625,1
VEH000024,TSK004625,1
VEH000025,TSK004625,1
VEH000280,TSK004625,1
VEH000523,TSK004625,1
VEH000080,TSK004638,1
VEH000323,TSK004638,1
VEH000340,TSK004638,1
VEH000520,TSK004638,1
VEH000379,TSK004638,1
VEH000328,TSK004638,0
VEH000346,TSK004638,1
VEH000305,TSK004638,1
VEH000060,TSK004638,1
VEH000272,TSK004638,1
VEH000352,TSK004638,1
VEH000045,TSK004638,0
VEH000361,TSK004638,1
VEH000257,TSK004638,1
VEH000421,TSK004638,1
VEH000337,TSK004638,1
VEH000248,TSK004638,1
VEH000402,TSK004638,0
VEH000064,TSK004638,0
VEH000459,TSK004638,1
VEH000484,TSK004638,1
VEH000455,TSK004638,1
VEH000373,TSK004638,1
VEH000516,TSK004638,1
VEH000091,TSK004638,1
VEH000011,TSK004638,1
VEH000277,TSK004638,1
VEH000089,TSK004638,0
VEH000288,TSK004638,0
VEH000377,TSK004638,1
VEH000231,TSK004638,1
VEH000092,TSK004638,1
VEH000263,TSK004638,1
VEH000047,TSK004638,0
VEH000095,TSK004638,1
VEH000440,TSK004638,1
VEH000427,TSK004638,1
VEH000031,TSK004638,1
VEH000309,TSK004638,0
VEH000094,TSK004638,1
VEH000003,TSK004638,1
VEH000318,TSK004638,0
VEH000499,TSK004638,1
VEH000388,TSK004638,0
VEH000397,TSK004638,1
VEH000218,TSK004638,1
VEH000467,TSK004638,1
VEH000100,TSK004638,0
VEH000275,TSK004638,1
VEH000065,TSK004638,0
VEH000299,TSK004638,1
VEH000533,TSK004638,1
VEH000416,TSK004638,1
VEH000058,TSK004638,1
VEH000301,TSK004638,1
VEH000034,TSK004638,1
VEH000043,TSK004638,1
VEH000517,TSK004638,1
VEH000307,TSK004638,1
VEH000422,TSK004638,1
VEH000281,TSK004638,0
VEH000354,TSK004638,0
VEH000386,TSK004638,0
VEH000324,TSK004638,1
VEH000251,TSK004638,1
VEH000313,TSK004638,1
VEH000477,TSK004638,1
VEH000478,TSK004638,0
VEH000265,TSK004638,1
VEH000221,TSK004638,1
VEH000068,TSK004638,1
VEH000431,TSK004638,1
VEH000071,TSK004638,1
VEH000521,TSK004638,1
VEH000053,TSK004638,1
VEH000269,TSK004638,1
VEH000336,TSK004638,1
VEH000341,TSK004638,0
VEH000261,TSK004638,1
VEH000042,TSK004638,0
VEH000353,TSK004638,1
VEH000308,TSK004638,1
VEH000296,TSK004638,1
VEH000078,TSK004638,1
VEH000511,TSK004638,1
VEH000529,TSK004638,1
VEH000220,TSK004638,1
VEH000037,TSK004638,1
VEH000367,TSK004638,0
VEH000368,TSK004638,1
VEH000411,TSK004638,1
VEH000085,TSK004638,1
VEH000098,TSK004638,1
VEH000395,TSK004638,1
VEH000420,TSK004638,0
VEH000083,TSK004638,1
VEH000024,TSK004638,1
VEH000025,TSK004638,1
VEH000280,TSK004638,1
VEH000523,TSK004638,1
VEH000080,TSK004647,1
VEH000323,TSK004647,1
VEH000340,TSK004647,1
VEH000520,TSK004647,0
VEH000379,TSK004647,1
VEH000328,TSK004647,1
VEH000346,TSK004647,1
VEH000305,TSK004647,1
VEH000060,TSK004647,0
VEH000272,TSK004647,1
VEH000352,TSK004647,1
VEH000045,TSK004647,0
VEH000361,TSK004647,1
VEH000257,TSK004647,1
VEH000421,TSK004647,0
VEH000337,TSK004647,1
VEH000248,TSK004647,0
VEH000402,TSK004647,1
VEH000064,TSK004647,0
VEH000459,TSK004647,1
VEH000484,TSK004647,1
VEH000455,TSK004647,1
VEH000373,TSK004647,1
VEH000516,TSK004647,0
VEH000091,TSK004647,1
VEH000011,TSK004647,1
VEH000277,TSK004647,1
VEH000089,TSK004647,1
VEH000288,TSK004647,1
VEH000377,TSK004647,1
VEH000231,TSK004647,0
VEH000092,TSK004647,1
VEH000263,TSK004647,1
VEH000047,TSK004647,1
VEH000095,TSK004647,1
VEH000440,TSK004647,0
VEH000427,TSK004647,0
VEH000031,TSK004647,1
VEH000309,TSK004647,1
VEH000094,TSK004647,0
VEH000003,TSK004647,1
VEH000318,TSK004647,1
VEH000499,TSK004647,1
VEH000388,TSK004647,1
VEH000397,TSK004647,1
VEH000218,TSK004647,1
VEH000467,TSK004647,1
VEH000100,TSK004647,1
VEH000275,TSK004647,1
VEH000065,TSK004647,1
VEH000299,TSK004647,1
VEH000533,TSK004647,1
VEH000416,TSK004647,1
VEH000058,TSK004647,1
VEH000301,TSK004647,1
VEH000034,TSK004647,1
VEH000043,TSK004647,0
VEH000517,TSK004647,0
VEH000307,TSK004647,1
VEH000422,TSK004647,1
VEH000281,TSK004647,1
VEH000354,TSK004647,1
VEH000386,TSK004647,1
VEH000324,TSK004647,1
VEH000251,TSK004647,1
VEH000313,TSK004647,0
VEH000477,TSK004647,0
VEH000478,TSK004647,1
VEH000265,TSK004647,1
VEH000221,TSK004647,1
VEH000068,TSK004647,1
VEH000431,TSK004647,1
VEH000071,TSK004647,1
VEH000521,TSK004647,1
VEH000053,TSK004647,1
VEH000269,TSK004647,1
VEH000336,TSK004647,0
VEH000341,TSK004647,1
VEH000261,TSK004647,0
VEH000042,TSK004647,1
VEH000353,TSK004647,0
VEH000308,TSK004647,1
VEH000296,TSK004647,1
VEH000078,TSK004647,1
VEH000511,TSK004647,1
VEH000529,TSK004647,1
VEH000220,TSK004647,1
VEH000037,TSK004647,1
VEH000367,TSK004647,1
VEH000368,TSK004647,1
VEH000411,TSK004647,1
VEH000085,TSK004647,0
VEH000098,TSK004647,1
VEH000395,TSK004647,1
VEH000420,TSK004647,1
VEH000083,TSK004647,1
VEH000024,TSK004647,1
VEH000025,TSK004647,1
VEH000280,TSK004647,1
VEH000523,TSK004647,0
VEH000080,TSK004674,1
VEH000323,TSK004674,1
VEH000340,TSK004674,1
VEH000520,TSK004674,1
VEH000379,TSK004674,1
VEH000328,TSK004674,1
VEH000346,TSK004674,1
VEH000305,TSK004674,1
VEH000060,TSK004674,1
VEH000272,TSK004674,1
VEH000352,TSK004674,1
VEH000045,TSK004674,1
VEH000361,TSK004674,1
VEH000257,TSK004674,1
VEH000421,TSK004674,0
VEH000337,TSK004674,1
VEH000248,TSK004674,1
VEH000402,TSK004674,1
VEH000064,TSK004674,1
VEH000459,TSK004674,1
VEH000484,TSK004674,1
VEH000455,TSK004674,1
VEH000373,TSK004674,1
VEH000516,TSK004674,1
VEH000091,TSK004674,1
VEH000011,TSK004674,1
VEH000277,TSK004674,1
VEH000089,TSK004674,1
VEH000288,TSK004674,1
VEH000377,TSK004674,0
VEH000231,TSK004674,1
VEH000092,TSK004674,1
VEH000263,TSK004674,1
VEH000047,TSK004674,0
VEH000095,TSK004674,1
VEH000440,TSK004674,1
VEH000427,TSK004674,1
VEH000031,TSK004674,1
VEH000309,TSK004674,1
VEH000094,TSK004674,0
VEH000003,TSK004674,1
VEH000318,TSK004674,1
VEH000499,TSK004674,1
VEH000388,TSK004674,0
VEH000397,TSK004674,1
VEH000218,TSK004674,1
VEH000467,TSK004674,1
VEH000100,TSK004674,0
VEH000275,TSK004674,1
VEH000065,TSK004674,1
VEH000299,TSK004674,1
VEH000533,TSK004674,1
VEH000416,TSK004674,1
VEH000058,TSK004674,1
VEH000301,TSK004674,1
VEH000034,TSK004674,0
VEH000043,TSK004674,1
VEH000517,TSK004674,1
VEH000307,TSK004674,1
VEH000422,TSK004674,0
VEH000281,TSK004674,1
VEH000354,TSK004674,0
VEH000386,TSK004674,1
VEH000324,TSK004674,1
VEH000251,TSK004674,1
VEH000313,TSK004674,1
VEH000477,TSK004674,1
VEH000478,TSK004674,0
VEH000265,TSK004674,1
VEH000221,TSK004674,1
VEH000068,TSK004674,0
VEH000431,TSK004674,0
VEH000071,TSK004674,1
VEH000521,TSK004674,1
VEH000053,TSK004674,0
VEH000269,TSK004674,0
VEH000336,TSK004674,1
VEH000341,TSK004674,1
VEH000261,TSK004674,1
VEH000042,TSK004674,1
VEH000353,TSK004674,0
VEH000308,TSK004674,1
VEH000296,TSK004674,1
VEH000078,TSK004674,0
VEH000511,TSK004674,1
VEH000529,TSK004674,1
VEH000220,TSK004674,0
VEH000037,TSK004674,1
VEH000367,TSK004674,0
VEH000368,TSK004674,1
VEH000411,TSK004674,1
VEH000085,TSK004674,1
VEH000098,TSK004674,0
VEH000395,TSK004674,1
VEH000420,TSK004674,1
VEH000083,TSK004674,1
VEH000024,TSK004674,1
VEH000025,TSK004674,0
VEH000280,TSK004674,1
VEH000523,TSK004674,1
VEH000080,TSK004677,1
VEH000323,TSK004677,0
VEH000340,TSK004677,1
VEH000520,TSK004677,1
VEH000379,TSK004677,1
VEH000328,TSK004677,1
VEH000346,TSK004677,1
VEH000305,TSK004677,0
VEH000060,TSK004677,1
VEH000272,TSK004677,1
VEH000352,TSK004677,1
VEH000045,TSK004677,1
VEH000361,TSK004677,1
VEH000257,TSK004677,1
VEH000421,TSK004677,0
VEH000337,TSK004677,1
VEH000248,TSK004677,1
VEH000402,TSK004677,1
VEH000064,TSK004677,1
VEH000459,TSK004677,1
VEH000484,TSK004677,0
VEH000455,TSK004677,1
VEH000373,TSK004677,0
VEH000516,TSK004677,0
VEH000091,TSK004677,1
VEH000011,TSK004677,1
VEH000277,TSK004677,1
VEH000089,TSK004677,0
VEH000288,TSK004677,1
VEH000377,TSK004677,1
VEH000231,TSK004677,1
VEH000092,TSK004677,1
VEH000263,TSK004677,0
VEH000047,TSK004677,1
VEH000095,TSK004677,0
VEH000440,TSK004677,1
VEH000427,TSK004677,0
VEH000031,TSK004677,1
VEH000309,TSK004677,1
VEH000094,TSK004677,0
VEH000003,TSK004677,1
VEH000318,TSK004677,1
VEH000499,TSK004677,1
VEH000388,TSK004677,1
VEH000397,TSK004677,1
VEH000218,TSK004677,1
VEH000467,TSK004677,1
VEH000100,TSK004677,1
VEH000275,TSK004677,1
VEH000065,TSK004677,1
VEH000299,TSK004677,1
VEH000533,TSK004677,1
VEH000416,TSK004677,0
VEH000058,TSK004677,1
VEH000301,TSK004677,1
VEH000034,TSK004677,1
VEH000043,TSK004677,0
VEH000517,TSK004677,1
VEH000307,TSK004677,1
VEH000422,TSK004677,1
VEH000281,TSK004677,1
VEH000354,TSK004677,1
VEH000386,TSK004677,1
VEH000324,TSK004677,1
VEH000251,TSK004677,1
VEH000313,TSK004677,1
VEH000477,TSK004677,0
VEH000478,TSK004677,1
VEH000265,TSK004677,1
VEH000221,TSK004677,1
VEH000068,TSK004677,1
VEH000431,TSK004677,1
VEH000071,TSK004677,1
VEH000521,TSK004677,1
VEH000053,TSK004677,0
VEH000269,TSK004677,1
VEH000336,TSK004677,1
VEH000341,TSK004677,1
VEH000261,TSK004677,1
VEH000042,TSK004677,0
VEH000353,TSK004677,1
VEH000308,TSK004677,0
VEH000296,TSK004677,1
VEH000078,TSK004677,1
VEH000511,TSK004677,1
VEH000529,TSK004677,0
VEH000220,TSK004677,0
VEH000037,TSK004677,1
VEH000367,TSK004677,1
VEH000368,TSK004677,1
VEH000411,TSK004677,0
VEH000085,TSK004677,1
VEH000098,TSK004677,1
VEH000395,TSK004677,1
VEH000420,TSK004677,1
VEH000083,TSK004677,1
VEH000024,TSK004677,1
VEH000025,TSK004677,1
VEH000280,TSK004677,1
VEH000523,TSK004677,1
VEH000080,TSK004683,1
VEH000323,TSK004683,1
VEH000340,TSK004683,1
VEH000520,TSK004683,1
VEH000379,TSK004683,1
VEH000328,TSK004683,1
VEH000346,TSK004683,1
VEH000305,TSK004683,1
VEH000060,TSK004683,0
VEH000272,TSK004683,1
VEH000352,TSK004683,1
VEH000045,TSK004683,1
VEH000361,TSK004683,1
VEH000257,TSK004683,1
VEH000421,TSK004683,1
VEH000337,TSK004683,0
VEH000248,TSK004683,0
VEH000402,TSK004683,1
VEH000064,TSK004683,1
VEH000459,TSK004683,0
VEH000484,TSK004683,1
VEH000455,TSK004683,1
VEH000373,TSK004683,1
VEH000516,TSK004683,0
VEH000091,TSK004683,0
VEH000011,TSK004683,1
VEH000277,TSK004683,1
VEH000089,TSK004683,0
VEH000288,TSK004683,1
VEH000377,TSK004683,1
VEH000231,TSK004683,1
VEH000092,TSK004683,1
VEH000263,TSK004683,0
VEH000047,TSK004683,1
VEH000095,TSK004683,1
VEH000440,TSK004683,1
VEH000427,TSK004683,1
VEH000031,TSK004683,1
VEH000309,TSK004683,1
VEH000094,TSK004683,1
VEH000003,TSK004683,0
VEH000318,TSK004683,1
VEH000499,TSK004683,1
VEH000388,TSK004683,1
VEH000397,TSK004683,1
VEH000218,TSK004683,1
VEH000467,TSK004683,0
VEH000100,TSK004683,1
VEH000275,TSK004683,1
VEH000065,TSK004683,1
VEH000299,TSK004683,0
VEH000533,TSK004683,1
VEH000416,TSK004683,1
VEH000058,TSK004683,1
VEH000301,TSK004683,1
VEH000034,TSK004683,1
VEH000043,TSK004683,1
VEH000517,TSK004683,1
VEH000307,TSK004683,0
VEH000422,TSK004683,1
VEH000281,TSK004683,1
VEH000354,TSK004683,1
VEH000386,TSK004683,1
VEH000324,TSK004683,1
VEH000251,TSK004683,0
VEH000313,TSK004683,1
VEH000477,TSK004683,0
VEH000478,TSK004683,1
VEH000265,TSK004683,1
VEH000221,TSK004683,0
VEH000068,TSK004683,1
VEH000431,TSK004683,1
VEH000071,TSK004683,1
VEH000521,TSK004683,0
VEH000053,TSK004683,1
VEH000269,TSK004683,1
VEH000336,TSK004683,1
VEH000341,TSK004683,0
VEH000261,TSK004683,1
VEH000042,TSK004683,1
VEH000353,TSK004683,1
VEH000308,TSK004683,1
VEH000296,TSK004683,1
VEH000078,TSK004683,1
VEH000511,TSK004683,1
VEH000529,TSK004683,1
VEH000220,TSK004683,1
VEH000037,TSK004683,1
VEH000367,TSK004683,0
VEH000368,TSK004683,1
VEH000411,TSK004683,1
VEH000085,TSK004683,1
VEH000098,TSK004683,1
VEH000395,TSK004683,1
VEH000420,TSK004683,1
VEH000083,TSK004683,1
VEH000024,TSK004683,0
VEH000025,TSK004683,1
VEH000280,TSK004683,1
VEH000523,TSK004683,0
VEH000080,TSK004685,1
VEH000323,TSK004685,0
VEH000340,TSK004685,1
VEH000520,TSK004685,0
VEH000379,TSK004685,1
VEH000328,TSK004685,1
VEH000346,TSK004685,1
VEH000305,TSK004685,1
VEH000060,TSK004685,1
VEH000272,TSK004685,1
VEH000352,TSK004685,0
VEH000045,TSK004685,1
VEH000361,TSK004685,1
VEH000257,TSK004685,0
VEH000421,TSK004685,1
VEH000337,TSK004685,0
VEH000248,TSK004685,1
VEH000402,TSK004685,0
VEH000064,TSK004685,0
VEH000459,TSK004685,1
VEH000484,TSK004685,1
VEH000455,TSK004685,1
VEH000373,TSK004685,1
VEH000516,TSK004685,1
VEH000091,TSK004685,1
VEH000011,TSK004685,1
VEH000277,TSK004685,1
VEH000089,TSK004685,1
VEH000288,TSK004685,1
VEH000377,TSK004685,1
VEH000231,TSK004685,1
VEH000092,TSK004685,1
VEH000263,TSK004685,1
VEH000047,TSK004685,0
VEH000095,TSK004685,1
VEH000440,TSK004685,1
VEH000427,TSK004685,1
VEH000031,TSK004685,1
VEH000309,TSK004685,1
VEH000094,TSK004685,1
VEH000003,TSK004685,0
VEH000318,TSK004685,1
VEH000499,TSK004685,1
VEH000388,TSK004685,1
VEH000397,TSK004685,1
VEH000218,TSK004685,1
VEH000467,TSK004685,1
VEH000100,TSK004685,0
VEH000275,TSK004685,1
VEH000065,TSK004685,1
VEH000299,TSK004685,1
VEH000533,TSK004685,1
VEH000416,TSK004685,1
VEH000058,TSK004685,1
VEH000301,TSK004685,0
VEH000034,TSK004685,0
VEH000043,TSK004685,1
VEH000517,TSK004685,1
VEH000307,TSK004685,0
VEH000422,TSK004685,1
VEH000281,TSK004685,1
VEH000354,TSK004685,1
VEH000386,TSK004685,1
VEH000324,TSK004685,0
VEH000251,TSK004685,1
VEH000313,TSK004685,1
VEH000477,TSK004685,0
VEH000478,TSK004685,1
VEH000265,TSK004685,1
VEH000221,TSK004685,1
VEH000068,TSK004685,1
VEH000431,TSK004685,0
VEH000071,TSK004685,1
VEH000521,TSK004685,1
VEH000053,TSK004685,1
VEH000269,TSK004685,1
VEH000336,TSK004685,1
VEH000341,TSK004685,0
VEH000261,TSK004685,0
VEH000042,TSK004685,1
VEH000353,TSK004685,0
VEH000308,TSK004685,1
VEH000296,TSK004685,1
VEH000078,TSK004685,1
VEH000511,TSK004685,1
VEH000529,TSK004685,1
VEH000220,TSK004685,1
VEH000037,TSK004685,1
VEH000367,TSK004685,1
VEH000368,TSK004685,1
VEH000411,TSK004685,1
VEH000085,TSK004685,1
VEH000098,TSK004685,1
VEH000395,TSK004685,1
VEH000420,TSK004685,1
VEH000083,TSK004685,1
VEH000024,TSK004685,1
VEH000025,TSK004685,0
VEH000280,TSK004685,1
VEH000523,TSK004685,1
VEH000080,TSK004719,1
VEH000323,TSK004719,0
VEH000340,TSK004719,1
VEH000520,TSK004719,1
VEH000379,TSK004719,0
VEH000328,TSK004719,0
VEH000346,TSK004719,1
VEH000305,TSK004719,1
VEH000060,TSK004719,1
VEH000272,TSK004719,1
VEH000352,TSK004719,1
VEH000045,TSK004719,1
VEH000361,TSK004719,1
VEH000257,TSK004719,1
VEH000421,TSK004719,1
VEH000337,TSK004719,1
VEH000248,TSK004719,1
VEH000402,TSK004719,1
VEH000064,TSK004719,1
VEH000459,TSK004719,1
VEH000484,TSK004719,1
VEH000455,TSK004719,0
VEH000373,TSK004719,0
VEH000516,TSK004719,1
VEH000091,TSK004719,1
VEH000011,TSK004719,0
VEH000277,TSK004719,1
VEH000089,TSK004719,1
VEH000288,TSK004719,1
VEH000377,TSK004719,1
VEH000231,TSK004719,1
VEH000092,TSK004719,1
VEH000263,TSK004719,1
VEH000047,TSK004719,1
VEH000095,TSK004719,1
VEH000440,TSK004719,1
VEH000427,TSK004719,1
VEH000031,TSK004719,1
VEH000309,TSK004719,0
VEH000094,TSK004719,1
VEH000003,TSK004719,1
VEH000318,TSK004719,0
VEH000499,TSK004719,1
VEH000388,TSK004719,1
VEH000397,TSK004719,0
VEH000218,TSK004719,1
VEH000467,TSK004719,1
VEH000100,TSK004719,0
VEH000275,TSK004719,1
VEH000065,TSK004719,1
VEH000299,TSK004719,1
VEH000533,TSK004719,0
VEH000416,TSK004719,0
VEH000058,TSK004719,1
VEH000301,TSK004719,1
VEH000034,TSK004719,0
VEH000043,TSK004719,1
VEH000517,TSK004719,1
VEH000307,TSK004719,1
VEH000422,TSK004719,1
VEH000281,TSK004719,1
VEH000354,TSK004719,1
VEH000386,TSK004719,1
VEH000324,TSK004719,1
VEH000251,TSK004719,0
VEH000313,TSK004719,0
VEH000477,TSK004719,1
VEH000478,TSK004719,1
VEH000265,TSK004719,1
VEH000221,TSK004719,1
VEH000068,TSK004719,1
VEH000431,TSK004719,1
VEH000071,TSK004719,1
VEH000521,TSK004719,0
VEH000053,TSK004719,1
VEH000269,TSK004719,1
VEH000336,TSK004719,1
VEH000341,TSK004719,1
VEH000261,TSK004719,1
VEH000042,TSK004719,1
VEH000353,TSK004719,0
VEH000308,TSK004719,1
VEH000296,TSK004719,1
VEH000078,TSK004719,1
VEH000511,TSK004719,1
VEH000529,TSK004719,1
VEH000220,TSK004719,1
VEH000037,TSK004719,0
VEH000367,TSK004719,1
VEH000368,TSK004719,1
VEH000411,TSK004719,1
VEH000085,TSK004719,1
VEH000098,TSK004719,1
VEH000395,TSK004719,1
VEH000420,TSK004719,0
VEH000083,TSK004719,1
VEH000024,TSK004719,1
VEH000025,TSK004719,1
VEH000280,TSK004719,0
VEH000523,TSK004719,1
VEH000080,TSK004748,1
VEH000323,TSK004748,1
VEH000340,TSK004748,1
VEH000520,TSK004748,1
VEH000379,TSK004748,1
VEH000328,TSK004748,1
VEH000346,TSK004748,1
VEH000305,TSK004748,1
VEH000060,TSK004748,0
VEH000272,TSK004748,1
VEH000352,TSK004748,1
VEH000045,TSK004748,0
VEH000361,TSK004748,1
VEH000257,TSK004748,1
VEH000421,TSK004748,1
VEH000337,TSK004748,1
VEH000248,TSK004748,1
VEH000402,TSK004748,1
VEH000064,TSK004748,1
VEH000459,TSK004748,0
VEH000484,TSK004748,1
VEH000455,TSK004748,1
VEH000373,TSK004748,1
VEH000516,TSK004748,1
VEH000091,TSK004748,1
VEH000011,TSK004748,1
VEH000277,TSK004748,1
VEH000089,TSK004748,1
VEH000288,TSK004748,1
VEH000377,TSK004748,1
VEH000231,TSK004748,1
VEH000092,TSK004748,0
VEH000263,TSK004748,1
VEH000047,TSK004748,1
VEH000095,TSK004748,0
VEH000440,TSK004748,1
VEH000427,TSK004748,0
VEH000031,TSK004748,1
VEH000309,TSK004748,1
VEH000094,TSK004748,1
VEH000003,TSK004748,0
VEH000318,TSK004748,1
VEH000499,TSK004748,0
VEH000388,TSK004748,1
VEH000397,TSK004748,1
VEH000218,TSK004748,1
VEH000467,TSK004748,0
VEH000100,TSK004748,0
VEH000275,TSK004748,1
VEH000065,TSK004748,1
VEH000299,TSK004748,1
VEH000533,TSK004748,0
VEH000416,TSK004748,1
VEH000058,TSK004748,1
VEH000301,TSK004748,0
VEH000034,TSK004748,1
VEH000043,TSK004748,1
VEH000517,TSK004748,1
VEH000307,TSK004748,1
VEH000422,TSK004748,1
VEH000281,TSK004748,1
VEH000354,TSK004748,1
VEH000386,TSK004748,1
VEH000324,TSK004748,1
VEH000251,TSK004748,1
VEH000313,TSK004748,1
VEH000477,TSK004748,1
VEH000478,TSK004748,1
VEH000265,TSK004748,0
VEH000221,TSK004748,0
VEH000068,TSK004748,0
VEH000431,TSK004748,1
VEH000071,TSK004748,1
VEH000521,TSK004748,1
VEH000053,TSK004748,1
VEH000269,TSK004748,1
VEH000336,TSK004748,1
VEH000341,TSK004748,0
VEH000261,TSK004748,0
VEH000042,TSK004748,1
VEH000353,TSK004748,1
VEH000308,TSK004748,1
VEH000296,TSK004748,1
VEH000078,TSK004748,0
VEH000511,TSK004748,1
VEH000529,TSK004748,1
VEH000220,TSK004748,1
VEH000037,TSK004748,1
VEH000367,TSK004748,1
VEH000368,TSK004748,1
VEH000411,TSK004748,1
VEH000085,TSK004748,1
VEH000098,TSK004748,1
VEH000395,TSK004748,1
VEH000420,TSK004748,1
VEH000083,TSK004748,1
VEH000024,TSK004748,0
VEH000025,TSK004748,1
VEH000280,TSK004748,1
VEH000523,TSK004748,0
VEH000080,TSK004784,0
VEH000323,TSK004784,1
VEH000340,TSK004784,1
VEH000520,TSK004784,1
VEH000379,TSK004784,1
VEH000328,TSK004784,1
VEH000346,TSK004784,1
VEH000305,TSK004784,1
VEH000060,TSK004784,0
VEH000272,TSK004784,1
VEH000352,TSK004784,1
VEH000045,TSK004784,1
VEH000361,TSK004784,1
VEH000257,TSK004784,1
VEH000421,TSK004784,1
VEH000337,TSK004784,1
VEH000248,TSK004784,1
VEH000402,TSK004784,1
VEH000064,TSK004784,1
VEH000459,TSK004784,1
VEH000484,TSK004784,1
VEH000455,TSK004784,1
VEH000373,TSK004784,1
VEH000516,TSK004784,1
VEH000091,TSK004784,0
VEH000011,TSK004784,0
VEH000277,TSK004784,1
VEH000089,TSK004784,0
VEH000288,TSK004784,1
VEH000377,TSK004784,1
VEH000231,TSK004784,1
VEH000092,TSK004784,0
VEH000263,TSK004784,1
VEH000047,TSK004784,1
VEH000095,TSK004784,1
VEH000440,TSK004784,1
VEH000427,TSK004784,0
VEH000031,TSK004784,1
VEH000309,TSK004784,1
VEH000094,TSK004784,1
VEH000003,TSK004784,0
VEH000318,TSK004784,1
VEH000499,TSK004784,1
VEH000388,TSK004784,1
VEH000397,TSK004784,1
VEH000218,TSK004784,1
VEH000467,TSK004784,0
VEH000100,TSK004784,1
VEH000275,TSK004784,1
VEH000065,TSK004784,0
VEH000299,TSK004784,1
VEH000533,TSK004784,0
VEH000416,TSK004784,1
VEH000058,TSK004784,1
VEH000301,TSK004784,1
VEH000034,TSK004784,1
VEH000043,TSK004784,0
VEH000517,TSK004784,1
VEH000307,TSK004784,1
VEH000422,TSK004784,1
VEH000281,TSK004784,1
VEH000354,TSK004784,1
VEH000386,TSK004784,0
VEH000324,TSK004784,1
VEH000251,TSK004784,1
VEH000313,TSK004784,1
VEH000477,TSK004784,1
VEH000478,TSK004784,1
VEH000265,TSK004784,1
VEH000221,TSK004784,1
VEH000068,TSK004784,1
VEH000431,TSK004784,1
VEH000071,TSK004784,1
VEH000521,TSK004784,1
VEH000053,TSK004784,0
VEH000269,TSK004784,1
VEH000336,TSK004784,1
VEH000341,TSK004784,1
VEH000261,TSK004784,1
VEH000042,TSK004784,0
VEH000353,TSK004784,0
VEH000308,TSK004784,0
VEH000296,TSK004784,1
VEH000078,TSK004784,1
VEH000511,TSK004784,1
VEH000529,TSK004784,0
VEH000220,TSK004784,1
VEH000037,TSK004784,1
VEH000367,TSK004784,0
VEH000368,TSK004784,1
VEH000411,TSK004784,1
VEH000085,TSK004784,1
VEH000098,TSK004784,1
VEH000395,TSK004784,1
VEH000420,TSK004784,1
VEH000083,TSK004784,1
VEH000024,TSK004784,1
VEH000025,TSK004784,1
VEH000280,TSK004784,0
VEH000523,TSK004784,1
VEH000080,TSK004793,0
VEH000323,TSK004793,1
VEH000340,TSK004793,1
VEH000520,TSK004793,1
VEH000379,TSK004793,1
VEH000328,TSK004793,0
VEH000346,TSK004793,1
VEH000305,TSK004793,1
VEH000060,TSK004793,1
VEH000272,TSK004793,0
VEH000352,TSK004793,1
VEH000045,TSK004793,1
VEH000361,TSK004793,1
VEH000257,TSK004793,1
VEH000421,TSK004793,1
VEH000337,TSK004793,0
VEH000248,TSK004793,1
VEH000402,TSK004793,1
VEH000064,TSK004793,0
VEH000459,TSK004793,1
VEH000484,TSK004793,1
VEH000455,TSK004793,1
VEH000373,TSK004793,1
VEH000516,TSK004793,1
VEH000091,TSK004793,1
VEH000011,TSK004793,0
VEH000277,TSK004793,1
VEH000089,TSK004793,1
VEH000288,TSK004793,1
VEH000377,TSK004793,1
VEH000231,TSK004793,1
VEH000092,TSK004793,1
VEH000263,TSK004793,1
VEH000047,TSK004793,1
VEH000095,TSK004793,1
VEH000440,TSK004793,1
VEH000427,TSK004793,0
VEH000031,TSK004793,1
VEH000309,TSK004793,1
VEH000094,TSK004793,0
VEH000003,TSK004793,1
VEH000318,TSK004793,1
VEH000499,TSK004793,1
VEH000388,TSK004793,1
VEH000397,TSK004793,1
VEH000218,TSK004793,1
VEH000467,TSK004793,1
VEH000100,TSK004793,1
VEH000275,TSK004793,1
VEH000065,TSK004793,0
VEH000299,TSK004793,1
VEH000533,TSK004793,1
VEH000416,TSK004793,0
VEH000058,TSK004793,1
VEH000301,TSK004793,1
VEH000034,TSK004793,1
VEH000043,TSK004793,1
VEH000517,TSK004793,0
VEH000307,TSK004793,1
VEH000422,TSK004793,1
VEH000281,TSK004793,1
VEH000354,TSK004793,0
VEH000386,TSK004793,1
VEH000324,TSK004793,1
VEH000251,TSK004793,0
VEH000313,TSK004793,1
VEH000477,TSK004793,1
VEH000478,TSK004793,1
VEH000265,TSK004793,1
VEH000221,TSK004793,1
VEH000068,TSK004793,0
VEH000431,TSK004793,1
VEH000071,TSK004793,1
VEH000521,TSK004793,0
VEH000053,TSK004793,1
VEH000269,TSK004793,1
VEH000336,TSK004793,1
VEH000341,TSK004793,1
VEH000261,TSK004793,1
VEH000042,TSK004793,0
VEH000353,TSK004793,1
VEH000308,TSK004793,1
VEH000296,TSK004793,0
VEH000078,TSK004793,1
VEH000511,TSK004793,0
VEH000529,TSK004793,1
VEH000220,TSK004793,1
VEH000037,TSK004793,1
VEH000367,TSK004793,1
VEH000368,TSK004793,1
VEH000411,TSK004793,1
VEH000085,TSK004793,1
VEH000098,TSK004793,1
VEH000395,TSK004793,1
VEH000420,TSK004793,0
VEH000083,TSK004793,1
VEH000024,TSK004793,1
VEH000025,TSK004793,0
VEH000280,TSK004793,1
VEH000523,TSK004793,1
VEH000080,TSK004812,0
VEH000323,TSK004812,1
VEH000340,TSK004812,0
VEH000520,TSK004812,0
VEH000379,TSK004812,1
VEH000328,TSK004812,1
VEH000346,TSK004812,0
VEH000305,TSK004812,1
VEH000060,TSK004812,1
VEH000272,TSK004812,1
VEH000352,TSK004812,0
VEH000045,TSK004812,1
VEH000361,TSK004812,1
VEH000257,TSK004812,0
VEH000421,TSK004812,1
VEH000337,TSK004812,1
VEH000248,TSK004812,1
VEH000402,TSK004812,1
VEH000064,TSK004812,1
VEH000459,TSK004812,1
VEH000484,TSK004812,0
VEH000455,TSK004812,1
VEH000373,TSK004812,1
VEH000516,TSK004812,1
VEH000091,TSK004812,1
VEH000011,TSK004812,1
VEH000277,TSK004812,0
VEH000089,TSK004812,1
VEH000288,TSK004812,1
VEH000377,TSK004812,1
VEH000231,TSK004812,1
VEH000092,TSK004812,0
VEH000263,TSK004812,1
VEH000047,TSK004812,0
VEH000095,TSK004812,1
VEH000440,TSK004812,0
VEH000427,TSK004812,0
VEH000031,TSK004812,1
VEH000309,TSK004812,0
VEH000094,TSK004812,0
VEH000003,TSK004812,1
VEH000318,TSK004812,1
VEH000499,TSK004812,1
VEH000388,TSK004812,1
VEH000397,TSK004812,1
VEH000218,TSK004812,1
VEH000467,TSK004812,1
VEH000100,TSK004812,0
VEH000275,TSK004812,1
VEH000065,TSK004812,1
VEH000299,TSK004812,0
VEH000533,TSK004812,0
VEH000416,TSK004812,1
VEH000058,TSK004812,1
VEH000301,TSK004812,0
VEH000034,TSK004812,1
VEH000043,TSK004812,1
VEH000517,TSK004812,1
VEH000307,TSK004812,1
VEH000422,TSK004812,1
VEH000281,TSK004812,1
VEH000354,TSK004812,1
VEH000386,TSK004812,1
VEH000324,TSK004812,1
VEH000251,TSK004812,0
VEH000313,TSK004812,1
VEH000477,TSK004812,1
VEH000478,TSK004812,1
VEH000265,TSK004812,1
VEH000221,TSK004812,1
VEH000068,TSK004812,1
VEH000431,TSK004812,1
VEH000071,TSK004812,1
VEH000521,TSK004812,1
VEH000053,TSK004812,1
VEH000269,TSK004812,1
VEH000336,TSK004812,1
VEH000341,TSK004812,1
VEH000261,TSK004812,1
VEH000042,TSK004812,1
VEH000353,TSK004812,1
VEH000308,TSK004812,1
VEH000296,TSK004812,1
VEH000078,TSK004812,1
VEH000511,TSK004812,1
VEH000529,TSK004812,1
VEH000220,TSK004812,1
VEH000037,TSK004812,1
VEH000367,TSK004812,1
VEH000368,TSK004812,0
VEH000411,TSK004812,1
VEH000085,TSK004812,1
VEH000098,TSK004812,1
VEH000395,TSK004812,1
VEH000420,TSK004812,1
VEH000083,TSK004812,1
VEH000024,TSK004812,1
VEH000025,TSK004812,1
VEH000280,TSK004812,1
VEH000523,TSK004812,1
VEH000080,TSK004816,0
VEH000323,TSK004816,1
VEH000340,TSK004816,1
VEH000520,TSK004816,1
VEH000379,TSK004816,1
VEH000328,TSK004816,1
VEH000346,TSK004816,0
VEH000305,TSK004816,1
VEH000060,TSK004816,1
VEH000272,TSK004816,1
VEH000352,TSK004816,1
VEH000045,TSK004816,1
VEH000361,TSK004816,1
VEH000257,TSK004816,0
VEH000421,TSK004816,1
VEH000337,TSK004816,0
VEH000248,TSK004816,1
VEH000402,TSK004816,1
VEH000064,TSK004816,1
VEH000459,TSK004816,0
VEH000484,TSK004816,1
VEH000455,TSK004816,0
VEH000373,TSK004816,0
VEH000516,TSK004816,1
VEH000091,TSK004816,1
VEH000011,TSK004816,0
VEH000277,TSK004816,1
VEH000089,TSK004816,1
VEH000288,TSK004816,1
VEH000377,TSK004816,1
VEH000231,TSK004816,1
VEH000092,TSK004816,1
VEH000263,TSK004816,1
VEH000047,TSK004816,1
VEH000095,TSK004816,1
VEH000440,TSK004816,1
VEH000427,TSK004816,1
VEH000031,TSK004816,1
VEH000309,TSK004816,1
VEH000094,TSK004816,1
VEH000003,TSK004816,0
VEH000318,TSK004816,1
VEH000499,TSK004816,0
VEH000388,TSK004816,1
VEH000397,TSK004816,1
VEH000218,TSK004816,1
VEH000467,TSK004816,1
VEH000100,TSK004816,1
VEH000275,TSK004816,1
VEH000065,TSK004816,1
VEH000299,TSK004816,1
VEH000533,TSK004816,1
VEH000416,TSK004816,1
VEH000058,TSK004816,0
VEH000301,TSK004816,0
VEH000034,TSK004816,1
VEH000043,TSK004816,1
VEH000517,TSK004816,1
VEH000307,TSK004816,1
VEH000422,TSK004816,1
VEH000281,TSK004816,1
VEH000354,TSK004816,0
VEH000386,TSK004816,1
VEH000324,TSK004816,1
VEH000251,TSK004816,1
VEH000313,TSK004816,1
VEH000477,TSK004816,1
VEH000478,TSK004816,0
VEH000265,TSK004816,1
VEH000221,TSK004816,1
VEH000068,TSK004816,1
VEH000431,TSK004816,1
VEH000071,TSK004816,1
VEH000521,TSK004816,0
VEH000053,TSK004816,1
VEH000269,TSK004816,1
VEH000336,TSK004816,1
VEH000341,TSK004816,0
VEH000261,TSK004816,1
VEH000042,TSK004816,1
VEH000353,TSK004816,1
VEH000308,TSK004816,1
VEH000296,TSK004816,0
VEH000078,TSK004816,1
VEH000511,TSK004816,1
VEH000529,TSK004816,1
VEH000220,TSK004816,1
VEH000037,TSK004816,1
VEH000367,TSK004816,1
VEH000368,TSK004816,1
VEH000411,TSK004816,1
VEH000085,TSK004816,1
VEH000098,TSK004816,1
VEH000395,TSK004816,0
VEH000420,TSK004816,0
VEH000083,TSK004816,1
VEH000024,TSK004816,1
VEH000025,TSK004816,1
VEH000280,TSK004816,1
VEH000523,TSK004816,0
VEH000080,TSK004833,1
VEH000323,TSK004833,1
VEH000340,TSK004833,1
VEH000520,TSK004833,1
VEH000379,TSK004833,1
VEH000328,TSK004833,1
VEH000346,TSK004833,1
VEH000305,TSK004833,1
VEH000060,TSK004833,0
VEH000272,TSK004833,1
VEH000352,TSK004833,1
VEH000045,TSK004833,1
VEH000361,TSK004833,1
VEH000257,TSK004833,1
VEH000421,TSK004833,0
VEH000337,TSK004833,0
VEH000248,TSK004833,1
VEH000402,TSK004833,1
VEH000064,TSK004833,1
VEH000459,TSK004833,1
VEH000484,TSK004833,1
VEH000455,TSK004833,1
VEH000373,TSK004833,1
VEH000516,TSK004833,1
VEH000091,TSK004833,1
VEH000011,TSK004833,1
VEH000277,TSK004833,1
VEH000089,TSK004833,1
VEH000288,TSK004833,0
VEH000377,TSK004833,1
VEH000231,TSK004833,1
VEH000092,TSK004833,1
VEH000263,TSK004833,1
VEH000047,TSK004833,1
VEH000095,TSK004833,0
VEH000440,TSK004833,1
VEH000427,TSK004833,0
VEH000031,TSK004833,1
VEH000309,TSK004833,1
VEH000094,TSK004833,1
VEH000003,TSK004833,1
VEH000318,TSK004833,0
VEH000499,TSK004833,1
VEH000388,TSK004833,1
VEH000397,TSK004833,0
VEH000218,TSK004833,1
VEH000467,TSK004833,1
VEH000100,TSK004833,1
VEH000275,TSK004833,1
VEH000065,TSK004833,1
VEH000299,TSK004833,0
VEH000533,TSK004833,0
VEH000416,TSK004833,0
VEH000058,TSK004833,1
VEH000301,TSK004833,0
VEH000034,TSK004833,1
VEH000043,TSK004833,1
VEH000517,TSK004833,1
VEH000307,TSK004833,1
VEH000422,TSK004833,1
VEH000281,TSK004833,1
VEH000354,TSK004833,1
VEH000386,TSK004833,1
VEH000324,TSK004833,1
VEH000251,TSK004833,1
VEH000313,TSK004833,1
VEH000477,TSK004833,1
VEH000478,TSK004833,1
VEH000265,TSK004833,1
VEH000221,TSK004833,0
VEH000068,TSK004833,1
VEH000431,TSK004833,1
VEH000071,TSK004833,1
VEH000521,TSK004833,1
VEH000053,TSK004833,0
VEH000269,TSK004833,0
VEH000336,TSK004833,1
VEH000341,TSK004833,1
VEH000261,TSK004833,0
VEH000042,TSK004833,0
VEH000353,TSK004833,1
VEH000308,TSK004833,1
VEH000296,TSK004833,1
VEH000078,TSK004833,1
VEH000511,TSK004833,1
VEH000529,TSK004833,0
VEH000220,TSK004833,1
VEH000037,TSK004833,1
VEH000367,TSK004833,1
VEH000368,TSK004833,1
VEH000411,TSK004833,0
VEH000085,TSK004833,1
VEH000098,TSK004833,1
VEH000395,TSK004833,1
VEH000420,TSK004833,0
VEH000083,TSK004833,1
VEH000024,TSK004833,1
VEH000025,TSK004833,1
VEH000280,TSK004833,1
VEH000523,TSK004833,1
VEH000080,TSK004839,0
VEH000323,TSK004839,1
VEH000340,TSK004839,0
VEH000520,TSK004839,1
VEH000379,TSK004839,1
VEH000328,TSK004839,1
VEH000346,TSK004839,1
VEH000305,TSK004839,1
VEH000060,TSK004839,1
VEH000272,TSK004839,1
VEH000352,TSK004839,1
VEH000045,TSK004839,1
VEH000361,TSK004839,1
VEH000257,TSK004839,1
VEH000421,TSK004839,1
VEH000337,TSK004839,1
VEH000248,TSK004839,1
VEH000402,TSK004839,0
VEH000064,TSK004839,0
VEH000459,TSK004839,1
VEH000484,TSK004839,1
VEH000455,TSK004839,1
VEH000373,TSK004839,1
VEH000516,TSK004839,1
VEH000091,TSK004839,1
VEH000011,TSK004839,1
VEH000277,TSK004839,0
VEH000089,TSK004839,1
VEH000288,TSK004839,1
VEH000377,TSK004839,1
VEH000231,TSK004839,1
VEH000092,TSK004839,1
VEH000263,TSK004839,1
VEH000047,TSK004839,1
VEH000095,TSK004839,1
VEH000440,TSK004839,0
VEH000427,TSK004839,0
VEH000031,TSK004839,1
VEH000309,TSK004839,1
VEH000094,TSK004839,1
VEH000003,TSK004839,1
VEH000318,TSK004839,1
VEH000499,TSK004839,1
VEH000388,TSK004839,1
VEH000397,TSK004839,1
VEH000218,TSK004839,0
VEH000467,TSK004839,1
VEH000100,TSK004839,1
VEH000275,TSK004839,1
VEH000065,TSK004839,1
VEH000299,TSK004839,1
VEH000533,TSK004839,1
VEH000416,TSK004839,1
VEH000058,TSK004839,0
VEH000301,TSK004839,1
VEH000034,TSK004839,0
VEH000043,TSK004839,1
VEH000517,TSK004839,1
VEH000307,TSK004839,0
VEH000422,TSK004839,1
VEH000281,TSK004839,0
VEH000354,TSK004839,0
VEH000386,TSK004839,1
VEH000324,TSK004839,1
VEH000251,TSK004839,0
VEH000313,TSK004839,0
VEH000477,TSK004839,1
VEH000478,TSK004839,1
VEH000265,TSK004839,1
VEH000221,TSK004839,1
VEH000068,TSK004839,1
VEH000431,TSK004839,1
VEH000071,TSK004839,1
VEH000521,TSK004839,1
VEH000053,TSK004839,1
VEH000269,TSK004839,1
VEH000336,TSK004839,1
VEH000341,TSK004839,0
VEH000261,TSK004839,1
VEH000042,TSK004839,1
VEH000353,TSK004839,1
VEH000308,TSK004839,1
VEH000296,TSK004839,1
VEH000078,TSK004839,1
VEH000511,TSK004839,1
VEH000529,TSK004839,1
VEH000220,TSK004839,1
VEH000037,TSK004839,1
VEH000367,TSK004839,1
VEH000368,TSK004839,1
VEH000411,TSK004839,1
VEH000085,TSK004839,1
VEH000098,TSK004839,1
VEH000395,TSK004839,1
VEH000420,TSK004839,1
VEH000083,TSK004839,0
VEH000024,TSK004839,0
VEH000025,TSK004839,0
VEH000280,TSK004839,0
VEH000523,TSK004839,1
VEH000080,TSK004888,0
VEH000323,TSK004888,0
VEH000340,TSK004888,1
VEH000520,TSK004888,1
VEH000379,TSK004888,1
VEH000328,TSK004888,1
VEH000346,TSK004888,1
VEH000305,TSK004888,1
VEH000060,TSK004888,1
VEH000272,TSK004888,0
VEH000352,TSK004888,0
VEH000045,TSK004888,1
VEH000361,TSK004888,0
VEH000257,TSK004888,1
VEH000421,TSK004888,1
VEH000337,TSK004888,1
VEH000248,TSK004888,1
VEH000402,TSK004888,1
VEH000064,TSK004888,1
VEH000459,TSK004888,0
VEH000484,TSK004888,1
VEH000455,TSK004888,1
VEH000373,TSK004888,1
VEH000516,TSK004888,1
VEH000091,TSK004888,1
VEH000011,TSK004888,1
VEH000277,TSK004888,1
VEH000089,TSK004888,1
VEH000288,TSK004888,1
VEH000377,TSK004888,0
VEH000231,TSK004888,0
VEH000092,TSK004888,1
VEH000263,TSK004888,1
VEH000047,TSK004888,0
VEH000095,TSK004888,1
VEH000440,TSK004888,1
VEH000427,TSK004888,1
VEH000031,TSK004888,1
VEH000309,TSK004888,1
VEH000094,TSK004888,0
VEH000003,TSK004888,0
VEH000318,TSK004888,1
VEH000499,TSK004888,1
VEH000388,TSK004888,1
VEH000397,TSK004888,1
VEH000218,TSK004888,1
VEH000467,TSK004888,0
VEH000100,TSK004888,1
VEH000275,TSK004888,1
VEH000065,TSK004888,1
VEH000299,TSK004888,0
VEH000533,TSK004888,1
VEH000416,TSK004888,1
VEH000058,TSK004888,1
VEH000301,TSK004888,1
VEH000034,TSK004888,0
VEH000043,TSK004888,1
VEH000517,TSK004888,1
VEH000307,TSK004888,0
VEH000422,TSK004888,0
VEH000281,TSK004888,1
VEH000354,TSK004888,1
VEH000386,TSK004888,1
VEH000324,TSK004888,1
VEH000251,TSK004888,1
VEH000313,TSK004888,1
VEH000477,TSK004888,1
VEH000478,TSK004888,1
VEH000265,TSK004888,1
VEH000221,TSK004888,1
VEH000068,TSK004888,1
VEH000431,TSK004888,1
VEH000071,TSK004888,1
VEH000521,TSK004888,0
VEH000053,TSK004888,1
VEH000269,TSK004888,1
VEH000336,TSK004888,1
VEH000341,TSK004888,1
VEH000261,TSK004888,1
VEH000042,TSK004888,1
VEH000353,TSK004888,1
VEH000308,TSK004888,1
VEH000296,TSK004888,1
VEH000078,TSK004888,0
VEH000511,TSK004888,1
VEH000529,TSK004888,0
VEH000220,TSK004888,1
VEH000037,TSK004888,1
VEH000367,TSK004888,1
VEH000368,TSK004888,1
VEH000411,TSK004888,0
VEH000085,TSK004888,1
VEH000098,TSK004888,1
VEH000395,TSK004888,1
VEH000420,TSK004888,1
VEH000083,TSK004888,1
VEH000024,TSK004888,1
VEH000025,TSK004888,1
VEH000280,TSK004888,1
VEH000523,TSK004888,1
VEH000080,TSK004921,1
VEH000323,TSK004921,1
VEH000340,TSK004921,0
VEH000520,TSK004921,1
VEH000379,TSK004921,1
VEH000328,TSK004921,0
VEH000346,TSK004921,1
VEH000305,TSK004921,1
VEH000060,TSK004921,1
VEH000272,TSK004921,1
VEH000352,TSK004921,1
VEH000045,TSK004921,1
VEH000361,TSK004921,0
VEH000257,TSK004921,1
VEH000421,TSK004921,1
VEH000337,TSK004921,1
VEH000248,TSK004921,1
VEH000402,TSK004921,1
VEH000064,TSK004921,1
VEH000459,TSK004921,0
VEH000484,TSK004921,1
VEH000455,TSK004921,1
VEH000373,TSK004921,1
VEH000516,TSK004921,1
VEH000091,TSK004921,1
VEH000011,TSK004921,1
VEH000277,TSK004921,1
VEH000089,TSK004921,1
VEH000288,TSK004921,0
VEH000377,TSK004921,1
VEH000231,TSK004921,0
VEH000092,TSK004921,0
VEH000263,TSK004921,1
VEH000047,TSK004921,1
VEH000095,TSK004921,1
VEH000440,TSK004921,1
VEH000427,TSK004921,0
VEH000031,TSK004921,1
VEH000309,TSK004921,1
VEH000094,TSK004921,1
VEH000003,TSK004921,1
VEH000318,TSK004921,1
VEH000499,TSK004921,1
VEH000388,TSK004921,0
VEH000397,TSK004921,1
VEH000218,TSK004921,1
VEH000467,TSK004921,1
VEH000100,TSK004921,1
VEH000275,TSK004921,1
VEH000065,TSK004921,0
VEH000299,TSK004921,0
VEH000533,TSK004921,1
VEH000416,TSK004921,0
VEH000058,TSK004921,1
VEH000301,TSK004921,1
VEH000034,TSK004921,1
VEH000043,TSK004921,0
VEH000517,TSK004921,1
VEH000307,TSK004921,1
VEH000422,TSK004921,1
VEH000281,TSK004921,1
VEH000354,TSK004921,1
VEH000386,TSK004921,1
VEH000324,TSK004921,1
VEH000251,TSK004921,1
VEH000313,TSK004921,1
VEH000477,TSK004921,1
VEH000478,TSK004921,1
VEH000265,TSK004921,1
VEH000221,TSK004921,1
VEH000068,TSK004921,1
VEH000431,TSK004921,1
VEH000071,TSK004921,1
VEH000521,TSK004921,1
VEH000053,TSK004921,0
VEH000269,TSK004921,1
VEH000336,TSK004921,1
VEH000341,TSK004921,1
VEH000261,TSK004921,0
VEH000042,TSK004921,1
VEH000353,TSK004921,1
VEH000308,TSK004921,1
VEH000296,TSK004921,1
VEH000078,TSK004921,1
VEH000511,TSK004921,1
VEH000529,TSK004921,0
VEH000220,TSK004921,0
VEH000037,TSK004921,1
VEH000367,TSK004921,1
VEH000368,TSK004921,1
VEH000411,TSK004921,1
VEH000085,TSK004921,0
VEH000098,TSK004921,0
VEH000395,TSK004921,1
VEH000420,TSK004921,1
VEH000083,TSK004921,1
VEH000024,TSK004921,1
VEH000025,TSK004921,0
VEH000280,TSK004921,1
VEH000523,TSK004921,1
VEH000080,TSK004974,1
VEH000323,TSK004974,1
VEH000340,TSK004974,0
VEH000520,TSK004974,1
VEH000379,TSK004974,1
VEH000328,TSK004974,0
VEH000346,TSK004974,1
VEH000305,TSK004974,1
VEH000060,TSK004974,1
VEH000272,TSK004974,1
VEH000352,TSK004974,0
VEH000045,TSK004974,1
VEH000361,TSK004974,1
VEH000257,TSK004974,1
VEH000421,TSK004974,1
VEH000337,TSK004974,0
VEH000248,TSK004974,1
VEH000402,TSK004974,1
VEH000064,TSK004974,0
VEH000459,TSK004974,0
VEH000484,TSK004974,1
VEH000455,TSK004974,1
VEH000373,TSK004974,0
VEH000516,TSK004974,1
VEH000091,TSK004974,1
VEH000011,TSK004974,0
VEH000277,TSK004974,1
VEH000089,TSK004974,1
VEH000288,TSK004974,1
VEH000377,TSK004974,0
VEH000231,TSK004974,1
VEH000092,TSK004974,1
VEH000263,TSK004974,1
VEH000047,TSK004974,0
VEH000095,TSK004974,1
VEH000440,TSK004974,1
VEH000427,TSK004974,1
VEH000031,TSK004974,1
VEH000309,TSK004974,1
VEH000094,TSK004974,1
VEH000003,TSK004974,1
VEH000318,TSK004974,0
VEH000499,TSK004974,1
VEH000388,TSK004974,1
VEH000397,TSK004974,1
VEH000218,TSK004974,1
VEH000467,TSK004974,0
VEH000100,TSK004974,0
VEH000275,TSK004974,1
VEH000065,TSK004974,0
VEH000299,TSK004974,1
VEH000533,TSK004974,1
VEH000416,TSK004974,1
VEH000058,TSK004974,0
VEH000301,TSK004974,1
VEH000034,TSK004974,1
VEH000043,TSK004974,0
VEH000517,TSK004974,1
VEH000307,TSK004974,1
VEH000422,TSK004974,0
VEH000281,TSK004974,1
VEH000354,TSK004974,1
VEH000386,TSK004974,1
VEH000324,TSK004974,1
VEH000251,TSK004974,1
VEH000313,TSK004974,1
VEH000477,TSK004974,0
VEH000478,TSK004974,1
VEH000265,TSK004974,1
VEH000221,TSK004974,1
VEH000068,TSK004974,1
VEH000431,TSK004974,1
VEH000071,TSK004974,1
VEH000521,TSK004974,1
VEH000053,TSK004974,1
VEH000269,TSK004974,1
VEH000336,TSK004974,1
VEH000341,TSK004974,1
VEH000261,TSK004974,1
VEH000042,TSK004974,1
VEH000353,TSK004974,1
VEH000308,TSK004974,1
VEH000296,TSK004974,1
VEH000078,TSK004974,1
VEH000511,TSK004974,1
VEH000529,TSK004974,1
VEH000220,TSK004974,1
VEH000037,TSK004974,1
VEH000367,TSK004974,1
VEH000368,TSK004974,1
VEH000411,TSK004974,0
VEH000085,TSK004974,1
VEH000098,TSK004974,1
VEH000395,TSK004974,1
VEH000420,TSK004974,1
VEH000083,TSK004974,1
VEH000024,TSK004974,1
VEH000025,TSK004974,1
VEH000280,TSK004974,0
VEH000523,TSK004974,1
VEH000080,TSK005296,1
VEH000323,TSK005296,1
VEH000340,TSK005296,1
VEH000520,TSK005296,1
VEH000379,TSK005296,0
VEH000328,TSK005296,1
VEH000346,TSK005296,1
VEH000305,TSK005296,0
VEH000060,TSK005296,1
VEH000272,TSK005296,1
VEH000352,TSK005296,1
VEH000045,TSK005296,1
VEH000361,TSK005296,1
VEH000257,TSK005296,1
VEH000421,TSK005296,1
VEH000337,TSK005296,1
VEH000248,TSK005296,0
VEH000402,TSK005296,0
VEH000064,TSK005296,1
VEH000459,TSK005296,1
VEH000484,TSK005296,0
VEH000455,TSK005296,1
VEH000373,TSK005296,1
VEH000516,TSK005296,1
VEH000091,TSK005296,1
VEH000011,TSK005296,1
VEH000277,TSK005296,1
VEH000089,TSK005296,1
VEH000288,TSK005296,1
VEH000377,TSK005296,0
VEH000231,TSK005296,1
VEH000092,TSK005296,1
VEH000263,TSK005296,0
VEH000047,TSK005296,1
VEH000095,TSK005296,0
VEH000440,TSK005296,1
VEH000427,TSK005296,1
VEH000031,TSK005296,1
VEH000309,TSK005296,1
VEH000094,TSK005296,1
VEH000003,TSK005296,1
VEH000318,TSK005296,1
VEH000499,TSK005296,0
VEH000388,TSK005296,1
VEH000397,TSK005296,1
VEH000218,TSK005296,1
VEH000467,TSK005296,1
VEH000100,TSK005296,1
VEH000275,TSK005296,1
VEH000065,TSK005296,0
VEH000299,TSK005296,0
VEH000533,TSK005296,1
VEH000416,TSK005296,0
VEH000058,TSK005296,0
VEH000301,TSK005296,1
VEH000034,TSK005296,1
VEH000043,TSK005296,1
VEH000517,TSK005296,1
VEH000307,TSK005296,1
VEH000422,TSK005296,1
VEH000281,TSK005296,1
VEH000354,TSK005296,1
VEH000386,TSK005296,1
VEH000324,TSK005296,1
VEH000251,TSK005296,0
VEH000313,TSK005296,1
VEH000477,TSK005296,1
VEH000478,TSK005296,1
VEH000265,TSK005296,1
VEH000221,TSK005296,0
VEH000068,TSK005296,0
VEH000431,TSK005296,1
VEH000071,TSK005296,1
VEH000521,TSK005296,1
VEH000053,TSK005296,1
VEH000269,TSK005296,1
VEH000336,TSK005296,1
VEH000341,TSK005296,1
VEH000261,TSK005296,1
VEH000042,TSK005296,1
VEH000353,TSK005296,1
VEH000308,TSK005296,0
VEH000296,TSK005296,0
VEH000078,TSK005296,1
VEH000511,TSK005296,1
VEH000529,TSK005296,1
VEH000220,TSK005296,1
VEH000037,TSK005296,1
VEH000367,TSK005296,1
VEH000368,TSK005296,1
VEH000411,TSK005296,1
VEH000085,TSK005296,1
VEH000098,TSK005296,1
VEH000395,TSK005296,1
VEH000420,TSK005296,0
VEH000083,TSK005296,1
VEH000024,TSK005296,0
VEH000025,TSK005296,1
VEH000280,TSK005296,1
VEH000523,TSK005296,1
VEH000080,TSK005316,1
VEH000323,TSK005316,1
VEH000340,TSK005316,1
VEH000520,TSK005316,1
VEH000379,TSK005316,1
VEH000328,TSK005316,0
VEH000346,TSK005316,1
VEH000305,TSK005316,0
VEH000060,TSK005316,0
VEH000272,TSK005316,1
VEH000352,TSK005316,1
VEH000045,TSK005316,1
VEH000361,TSK005316,1
VEH000257,TSK005316,1
VEH000421,TSK005316,1
VEH000337,TSK005316,1
VEH000248,TSK005316,1
VEH000402,TSK005316,1
VEH000064,TSK005316,0
VEH000459,TSK005316,0
VEH000484,TSK005316,1
VEH000455,TSK005316,0
VEH000373,TSK005316,0
VEH000516,TSK005316,1
VEH000091,TSK005316,1
VEH000011,TSK005316,1
VEH000277,TSK005316,1
VEH000089,TSK005316,1
VEH000288,TSK005316,1
VEH000377,TSK005316,1
VEH000231,TSK005316,1
VEH000092,TSK005316,1
VEH000263,TSK005316,1
VEH000047,TSK005316,1
VEH000095,TSK005316,1
VEH000440,TSK005316,1
VEH000427,TSK005316,0
VEH000031,TSK005316,1
VEH000309,TSK005316,1
VEH000094,TSK005316,1
VEH000003,TSK005316,1
VEH000318,TSK005316,1
VEH000499,TSK005316,1
VEH000388,TSK005316,0
VEH000397,TSK005316,1
VEH000218,TSK005316,1
VEH000467,TSK005316,0
VEH000100,TSK005316,1
VEH000275,TSK005316,0
VEH000065,TSK005316,1
VEH000299,TSK005316,1
VEH000533,TSK005316,1
VEH000416,TSK005316,1
VEH000058,TSK005316,1
VEH000301,TSK005316,1
VEH000034,TSK005316,1
VEH000043,TSK005316,1
VEH000517,TSK005316,1
VEH000307,TSK005316,1
VEH000422,TSK005316,1
VEH000281,TSK005316,1
VEH000354,TSK005316,1
VEH000386,TSK005316,0
VEH000324,TSK005316,1
VEH000251,TSK005316,1
VEH000313,TSK005316,1
VEH000477,TSK005316,0
VEH000478,TSK005316,1
VEH000265,TSK005316,0
VEH000221,TSK005316,1
VEH000068,TSK005316,1
VEH000431,TSK005316,1
VEH000071,TSK005316,1
VEH000521,TSK005316,1
VEH000053,TSK005316,1
VEH000269,TSK005316,1
VEH000336,TSK005316,1
VEH000341,TSK005316,1
VEH000261,TSK005316,0
VEH000042,TSK005316,1
VEH000353,TSK005316,0
VEH000308,TSK005316,1
VEH000296,TSK005316,1
VEH000078,TSK005316,0
VEH000511,TSK005316,1
VEH000529,TSK005316,1
VEH000220,TSK005316,0
VEH000037,TSK005316,1
VEH000367,TSK005316,1
VEH000368,TSK005316,1
VEH000411,TSK005316,1
VEH000085,TSK005316,1
VEH000098,TSK005316,1
VEH000395,TSK005316,1
VEH000420,TSK005316,1
VEH000083,TSK005316,1
VEH000024,TSK005316,0
VEH000025,TSK005316,1
VEH000280,TSK005316,0
VEH000523,TSK005316,1
VEH000080,TSK005339,1
VEH000323,TSK005339,1
VEH000340,TSK005339,1
VEH000520,TSK005339,0
VEH000379,TSK005339,1
VEH000328,TSK005339,0
VEH000346,TSK005339,1
VEH000305,TSK005339,1
VEH000060,TSK005339,1
VEH000272,TSK005339,1
VEH000352,TSK005339,0
VEH000045,TSK005339,1
VEH000361,TSK005339,1
VEH000257,TSK005339,0
VEH000421,TSK005339,0
VEH000337,TSK005339,1
VEH000248,TSK005339,1
VEH000402,TSK005339,1
VEH000064,TSK005339,1
VEH000459,TSK005339,1
VEH000484,TSK005339,1
VEH000455,TSK005339,1
VEH000373,TSK005339,1
VEH000516,TSK005339,1
VEH000091,TSK005339,1
VEH000011,TSK005339,1
VEH000277,TSK005339,0
VEH000089,TSK005339,1
VEH000288,TSK005339,1
VEH000377,TSK005339,1
VEH000231,TSK005339,1
VEH000092,TSK005339,1
VEH000263,TSK005339,1
VEH000047,TSK005339,0
VEH000095,TSK005339,1
VEH000440,TSK005339,0
VEH000427,TSK005339,0
VEH000031,TSK005339,0
VEH000309,TSK005339,1
VEH000094,TSK005339,1
VEH000003,TSK005339,0
VEH000318,TSK005339,1
VEH000499,TSK005339,1
VEH000388,TSK005339,1
VEH000397,TSK005339,1
VEH000218,TSK005339,1
VEH000467,TSK005339,1
VEH000100,TSK005339,1
VEH000275,TSK005339,1
VEH000065,TSK005339,1
VEH000299,TSK005339,1
VEH000533,TSK005339,1
VEH000416,TSK005339,1
VEH000058,TSK005339,1
VEH000301,TSK005339,0
VEH000034,TSK005339,1
VEH000043,TSK005339,1
VEH000517,TSK005339,1
VEH000307,TSK005339,1
VEH000422,TSK005339,1
VEH000281,TSK005339,1
VEH000354,TSK005339,1
VEH000386,TSK005339,0
VEH000324,TSK005339,1
VEH000251,TSK005339,1
VEH000313,TSK005339,1
VEH000477,TSK005339,1
VEH000478,TSK005339,1
VEH000265,TSK005339,0
VEH000221,TSK005339,1
VEH000068,TSK005339,1
VEH000431,TSK005339,1
VEH000071,TSK005339,1
VEH000521,TSK005339,1
VEH000053,TSK005339,1
VEH000269,TSK005339,1
VEH000336,TSK005339,1
VEH000341,TSK005339,1
VEH000261,TSK005339,1
VEH000042,TSK005339,0
VEH000353,TSK005339,0
VEH000308,TSK005339,1
VEH000296,TSK005339,1
VEH000078,TSK005339,0
VEH000511,TSK005339,1
VEH000529,TSK005339,1
VEH000220,TSK005339,0
VEH000037,TSK005339,1
VEH000367,TSK005339,0
VEH000368,TSK005339,1
VEH000411,TSK005339,1
VEH000085,TSK005339,0
VEH000098,TSK005339,1
VEH000395,TSK005339,1
VEH000420,TSK005339,1
VEH000083,TSK005339,1
VEH000024,TSK005339,1
VEH000025,TSK005339,1
VEH000280,TSK005339,1
VEH000523,TSK005339,1
VEH000080,TSK005408,1
VEH000323,TSK005408,1
VEH000340,TSK005408,1
VEH000520,TSK005408,0
VEH000379,TSK005408,1
VEH000328,TSK005408,1
VEH000346,TSK005408,1
VEH000305,TSK005408,1
VEH000060,TSK005408,1
VEH000272,TSK005408,0
VEH000352,TSK005408,1
VEH000045,TSK005408,1
VEH000361,TSK005408,1
VEH000257,TSK005408,1
VEH000421,TSK005408,1
VEH000337,TSK005408,1
VEH000248,TSK005408,0
VEH000402,TSK005408,1
VEH000064,TSK005408,1
VEH000459,TSK005408,1
VEH000484,TSK005408,1
VEH000455,TSK005408,1
VEH000373,TSK005408,1
VEH000516,TSK005408,1
VEH000091,TSK005408,1
VEH000011,TSK005408,1
VEH000277,TSK005408,1
VEH000089,TSK005408,0
VEH000288,TSK005408,0
VEH000377,TSK005408,1
VEH000231,TSK005408,1
VEH000092,TSK005408,1
VEH000263,TSK005408,1
VEH000047,TSK005408,1
VEH000095,TSK005408,1
VEH000440,TSK005408,1
VEH000427,TSK005408,1
VEH000031,TSK005408,1
VEH000309,TSK005408,1
VEH000094,TSK005408,1
VEH000003,TSK005408,1
VEH000318,TSK005408,1
VEH000499,TSK005408,1
VEH000388,TSK005408,1
VEH000397,TSK005408,0
VEH000218,TSK005408,1
VEH000467,TSK005408,1
VEH000100,TSK005408,1
VEH000275,TSK005408,0
VEH000065,TSK005408,1
VEH000299,TSK005408,1
VEH000533,TSK005408,0
VEH000416,TSK005408,1
VEH000058,TSK005408,0
VEH000301,TSK005408,1
VEH000034,TSK005408,1
VEH000043,TSK005408,1
VEH000517,TSK005408,1
VEH000307,TSK005408,0
VEH000422,TSK005408,1
VEH000281,TSK005408,0
VEH000354,TSK005408,1
VEH000386,TSK005408,1
VEH000324,TSK005408,1
VEH000251,TSK005408,1
VEH000313,TSK005408,1
VEH000477,TSK005408,1
VEH000478,TSK005408,0
VEH000265,TSK005408,1
VEH000221,TSK005408,1
VEH000068,TSK005408,1
VEH000431,TSK005408,1
VEH000071,TSK005408,1
VEH000521,TSK005408,1
VEH000053,TSK005408,1
VEH000269,TSK005408,1
VEH000336,TSK005408,1
VEH000341,TSK005408,1
VEH000261,TSK005408,1
VEH000042,TSK005408,1
VEH000353,TSK005408,1
VEH000308,TSK005408,1
VEH000296,TSK005408,1
VEH000078,TSK005408,0
VEH000511,TSK005408,0
VEH000529,TSK005408,1
VEH000220,TSK005408,0
VEH000037,TSK005408,0
VEH000367,TSK005408,1
VEH000368,TSK005408,0
VEH000411,TSK005408,0
VEH000085,TSK005408,0
VEH000098,TSK005408,1
VEH000395,TSK005408,1
VEH000420,TSK005408,1
VEH000083,TSK005408,1
VEH000024,TSK005408,1
VEH000025,TSK005408,1
VEH000280,TSK005408,0
VEH000523,TSK005408,1
VEH000080,TSK005436,0
VEH000323,TSK005436,1
VEH000340,TSK005436,1
VEH000520,TSK005436,0
VEH000379,TSK005436,1
VEH000328,TSK005436,1
VEH000346,TSK005436,1
VEH000305,TSK005436,0
VEH000060,TSK005436,1
VEH000272,TSK005436,1
VEH000352,TSK005436,0
VEH000045,TSK005436,1
VEH000361,TSK005436,1
VEH000257,TSK005436,1
VEH000421,TSK005436,1
VEH000337,TSK005436,1
VEH000248,TSK005436,1
VEH000402,TSK005436,1
VEH000064,TSK005436,1
VEH000459,TSK005436,1
VEH000484,TSK005436,1
VEH000455,TSK005436,1
VEH000373,TSK005436,1
VEH000516,TSK005436,1
VEH000091,TSK005436,1
VEH000011,TSK005436,1
VEH000277,TSK005436,1
VEH000089,TSK005436,1
VEH000288,TSK005436,1
VEH000377,TSK005436,1
VEH000231,TSK005436,1
VEH000092,TSK005436,1
VEH000263,TSK005436,1
VEH000047,TSK005436,1
VEH000095,TSK005436,1
VEH000440,TSK005436,1
VEH000427,TSK005436,1
VEH000031,TSK005436,0
VEH000309,TSK005436,1
VEH000094,TSK005436,1
VEH000003,TSK005436,0
VEH000318,TSK005436,1
VEH000499,TSK005436,0
VEH000388,TSK005436,1
VEH000397,TSK005436,0
VEH000218,TSK005436,0
VEH000467,TSK005436,1
VEH000100,TSK005436,1
VEH000275,TSK005436,1
VEH000065,TSK005436,1
VEH000299,TSK005436,1
VEH000533,TSK005436,1
VEH000416,TSK005436,0
VEH000058,TSK005436,0
VEH000301,TSK005436,1
VEH000034,TSK005436,1
VEH000043,TSK005436,0
VEH000517,TSK005436,0
VEH000307,TSK005436,0
VEH000422,TSK005436,1
VEH000281,TSK005436,1
VEH000354,TSK005436,1
VEH000386,TSK005436,1
VEH000324,TSK005436,1
VEH000251,TSK005436,1
VEH000313,TSK005436,1
VEH000477,TSK005436,1
VEH000478,TSK005436,1
VEH000265,TSK005436,1
VEH000221,TSK005436,1
VEH000068,TSK005436,1
VEH000431,TSK005436,0
VEH000071,TSK005436,1
VEH000521,TSK005436,1
VEH000053,TSK005436,1
VEH000269,TSK005436,0
VEH000336,TSK005436,1
VEH000341,TSK005436,1
VEH000261,TSK005436,1
VEH000042,TSK005436,1
VEH000353,TSK005436,1
VEH000308,TSK005436,1
VEH000296,TSK005436,1
VEH000078,TSK005436,0
VEH000511,TSK005436,1
VEH000529,TSK005436,1
VEH000220,TSK005436,1
VEH000037,TSK005436,0
VEH000367,TSK005436,0
VEH000368,TSK005436,1
VEH000411,TSK005436,1
VEH000085,TSK005436,1
VEH000098,TSK005436,0
VEH000395,TSK005436,1
VEH000420,TSK005436,1
VEH000083,TSK005436,1
VEH000024,TSK005436,1
VEH000025,TSK005436,1
VEH000280,TSK005436,1
VEH000523,TSK005436,1
VEH000080,TSK005460,0
VEH000323,TSK005460,1
VEH000340,TSK005460,1
VEH000520,TSK005460,0
VEH000379,TSK005460,0
VEH000328,TSK005460,1
VEH000346,TSK005460,1
VEH000305,TSK005460,1
VEH000060,TSK005460,0
VEH000272,TSK005460,1
VEH000352,TSK005460,1
VEH000045,TSK005460,1
VEH000361,TSK005460,1
VEH000257,TSK005460,1
VEH000421,TSK005460,1
VEH000337,TSK005460,1
VEH000248,TSK005460,1
VEH000402,TSK005460,1
VEH000064,TSK005460,1
VEH000459,TSK005460,1
VEH000484,TSK005460,1
VEH000455,TSK005460,1
VEH000373,TSK005460,1
VEH000516,TSK005460,1
VEH000091,TSK005460,1
VEH000011,TSK005460,1
VEH000277,TSK005460,0
VEH000089,TSK005460,0
VEH000288,TSK005460,1
VEH000377,TSK005460,0
VEH000231,TSK005460,0
VEH000092,TSK005460,1
VEH000263,TSK005460,1
VEH000047,TSK005460,1
VEH000095,TSK005460,0
VEH000440,TSK005460,1
VEH000427,TSK005460,1
VEH000031,TSK005460,1
VEH000309,TSK005460,1
VEH000094,TSK005460,0
VEH000003,TSK005460,1
VEH000318,TSK005460,0
VEH000499,TSK005460,1
VEH000388,TSK005460,1
VEH000397,TSK005460,1
VEH000218,TSK005460,0
VEH000467,TSK005460,1
VEH000100,TSK005460,0
VEH000275,TSK005460,0
VEH000065,TSK005460,1
VEH000299,TSK005460,1
VEH000533,TSK005460,1
VEH000416,TSK005460,1
VEH000058,TSK005460,1
VEH000301,TSK005460,1
VEH000034,TSK005460,0
VEH000043,TSK005460,1
VEH000517,TSK005460,1
VEH000307,TSK005460,1
VEH000422,TSK005460,1
VEH000281,TSK005460,1
VEH000354,TSK005460,1
VEH000386,TSK005460,1
VEH000324,TSK005460,1
VEH000251,TSK005460,1
VEH000313,TSK005460,0
VEH000477,TSK005460,1
VEH000478,TSK005460,1
VEH000265,TSK005460,1
VEH000221,TSK005460,1
VEH000068,TSK005460,0
VEH000431,TSK005460,1
VEH000071,TSK005460,1
VEH000521,TSK005460,0
VEH000053,TSK005460,1
VEH000269,TSK005460,0
VEH000336,TSK005460,1
VEH000341,TSK005460,1
VEH000261,TSK005460,1
VEH000042,TSK005460,1
VEH000353,TSK005460,1
VEH000308,TSK005460,1
VEH000296,TSK005460,1
VEH000078,TSK005460,1
VEH000511,TSK005460,1
VEH000529,TSK005460,1
VEH000220,TSK005460,1
VEH000037,TSK005460,0
VEH000367,TSK005460,1
VEH000368,TSK005460,1
VEH000411,TSK005460,1
VEH000085,TSK005460,1
VEH000098,TSK005460,1
VEH000395,TSK005460,1
VEH000420,TSK005460,1
VEH000083,TSK005460,1
VEH000024,TSK005460,1
VEH000025,TSK005460,1
VEH000280,TSK005460,1
VEH000523,TSK005460,1
VEH000080,TSK005521,1
VEH000323,TSK005521,0
VEH000340,TSK005521,0
VEH000520,TSK005521,1
VEH000379,TSK005521,1
VEH000328,TSK005521,1
VEH000346,TSK005521,1
VEH000305,TSK005521,1
VEH000060,TSK005521,1
VEH000272,TSK005521,1
VEH000352,TSK005521,0
VEH000045,TSK005521,1
VEH000361,TSK005521,1
VEH000257,TSK005521,1
VEH000421,TSK005521,1
VEH000337,TSK005521,1
VEH000248,TSK005521,1
VEH000402,TSK005521,1
VEH000064,TSK005521,0
VEH000459,TSK005521,1
VEH000484,TSK005521,1
VEH000455,TSK005521,1
VEH000373,TSK005521,1
VEH000516,TSK005521,1
VEH000091,TSK005521,1
VEH000011,TSK005521,1
VEH000277,TSK005521,1
VEH000089,TSK005521,1
VEH000288,TSK005521,1
VEH000377,TSK005521,1
VEH000231,TSK005521,1
VEH000092,TSK005521,1
VEH000263,TSK005521,1
VEH000047,TSK005521,1
VEH000095,TSK005521,1
VEH000440,TSK005521,1
VEH000427,TSK005521,1
VEH000031,TSK005521,1
VEH000309,TSK005521,1
VEH000094,TSK005521,1
VEH000003,TSK005521,1
VEH000318,TSK005521,1
VEH000499,TSK005521,0
VEH000388,TSK005521,1
VEH000397,TSK005521,1
VEH000218,TSK005521,0
VEH000467,TSK005521,1
VEH000100,TSK005521,1
VEH000275,TSK005521,1
VEH000065,TSK005521,1
VEH000299,TSK005521,0
VEH000533,TSK005521,1
VEH000416,TSK005521,1
VEH000058,TSK005521,1
VEH000301,TSK005521,1
VEH000034,TSK005521,1
VEH000043,TSK005521,1
VEH000517,TSK005521,0
VEH000307,TSK005521,1
VEH000422,TSK005521,1
VEH000281,TSK005521,1
VEH000354,TSK005521,1
VEH000386,TSK005521,0
VEH000324,TSK005521,1
VEH000251,TSK005521,1
VEH000313,TSK005521,0
VEH000477,TSK005521,1
VEH000478,TSK005521,1
VEH000265,TSK005521,1
VEH000221,TSK005521,1
VEH000068,TSK005521,1
VEH000431,TSK005521,1
VEH000071,TSK005521,0
VEH000521,TSK005521,1
VEH000053,TSK005521,1
VEH000269,TSK005521,1
VEH000336,TSK005521,0
VEH000341,TSK005521,1
VEH000261,TSK005521,1
VEH000042,TSK005521,0
VEH000353,TSK005521,0
VEH000308,TSK005521,1
VEH000296,TSK005521,0
VEH000078,TSK005521,0
VEH000511,TSK005521,1
VEH000529,TSK005521,1
VEH000220,TSK005521,1
VEH000037,TSK005521,1
VEH000367,TSK005521,0
VEH000368,TSK005521,1
VEH000411,TSK005521,1
VEH000085,TSK005521,1
VEH000098,TSK005521,0
VEH000395,TSK005521,1
VEH000420,TSK005521,0
VEH000083,TSK005521,1
VEH000024,TSK005521,1
VEH000025,TSK005521,0
VEH000280,TSK005521,1
VEH000523,TSK005521,1
VEH000080,TSK005554,1
VEH000323,TSK005554,1
VEH000340,TSK005554,1
VEH000520,TSK005554,1
VEH000379,TSK005554,1
VEH000328,TSK005554,1
VEH000346,TSK005554,1
VEH000305,TSK005554,1
VEH000060,TSK005554,0
VEH000272,TSK005554,1
VEH000352,TSK005554,1
VEH000045,TSK005554,1
VEH000361,TSK005554,1
VEH000257,TSK005554,1
VEH000421,TSK005554,1
VEH000337,TSK005554,0
VEH000248,TSK005554,1
VEH000402,TSK005554,1
VEH000064,TSK005554,0
VEH000459,TSK005554,1
VEH000484,TSK005554,1
VEH000455,TSK005554,1
VEH000373,TSK005554,1
VEH000516,TSK005554,1
VEH000091,TSK005554,1
VEH000011,TSK005554,1
VEH000277,TSK005554,0
VEH000089,TSK005554,0
VEH000288,TSK005554,0
VEH000377,TSK005554,1
VEH000231,TSK005554,1
VEH000092,TSK005554,1
VEH000263,TSK005554,1
VEH000047,TSK005554,0
VEH000095,TSK005554,1
VEH000440,TSK005554,1
VEH000427,TSK005554,1
VEH000031,TSK005554,0
VEH000309,TSK005554,1
VEH000094,TSK005554,1
VEH000003,TSK005554,1
VEH000318,TSK005554,1
VEH000499,TSK005554,1
VEH000388,TSK005554,1
VEH000397,TSK005554,1
VEH000218,TSK005554,1
VEH000467,TSK005554,1
VEH000100,TSK005554,1
VEH000275,TSK005554,1
VEH000065,TSK005554,1
VEH000299,TSK005554,1
VEH000533,TSK005554,1
VEH000416,TSK005554,1
VEH000058,TSK005554,1
VEH000301,TSK005554,1
VEH000034,TSK005554,1
VEH000043,TSK005554,1
VEH000517,TSK005554,0
VEH000307,TSK005554,1
VEH000422,TSK005554,1
VEH000281,TSK005554,1
VEH000354,TSK005554,1
VEH000386,TSK005554,0
VEH000324,TSK005554,1
VEH000251,TSK005554,0
VEH000313,TSK005554,1
VEH000477,TSK005554,1
VEH000478,TSK005554,1
VEH000265,TSK005554,1
VEH000221,TSK005554,1
VEH000068,TSK005554,1
VEH000431,TSK005554,0
VEH000071,TSK005554,1
VEH000521,TSK005554,1
VEH000053,TSK005554,1
VEH000269,TSK005554,1
VEH000336,TSK005554,1
VEH000341,TSK005554,1
VEH000261,TSK005554,0
VEH000042,TSK005554,1
VEH000353,TSK005554,1
VEH000308,TSK005554,1
VEH000296,TSK005554,1
VEH000078,TSK005554,0
VEH000511,TSK005554,1
VEH000529,TSK005554,0
VEH000220,TSK005554,0
VEH000037,TSK005554,1
VEH000367,TSK005554,1
VEH000368,TSK005554,0
VEH000411,TSK005554,0
VEH000085,TSK005554,1
VEH000098,TSK005554,1
VEH000395,TSK005554,1
VEH000420,TSK005554,0
VEH000083,TSK005554,1
VEH000024,TSK005554,1
VEH000025,TSK005554,0
VEH000280,TSK005554,1
VEH000523,TSK005554,1
VEH000080,TSK005577,1
VEH000323,TSK005577,1
VEH000340,TSK005577,1
VEH000520,TSK005577,0
VEH000379,TSK005577,1
VEH000328,TSK005577,0
VEH000346,TSK005577,1
VEH000305,TSK005577,0
VEH000060,TSK005577,1
VEH000272,TSK005577,1
VEH000352,TSK005577,1
VEH000045,TSK005577,1
VEH000361,TSK005577,1
VEH000257,TSK005577,1
VEH000421,TSK005577,1
VEH000337,TSK005577,1
VEH000248,TSK005577,1
VEH000402,TSK005577,0
VEH000064,TSK005577,1
VEH000459,TSK005577,0
VEH000484,TSK005577,1
VEH000455,TSK005577,0
VEH000373,TSK005577,0
VEH000516,TSK005577,1
VEH000091,TSK005577,1
VEH000011,TSK005577,1
VEH000277,TSK005577,1
VEH000089,TSK005577,1
VEH000288,TSK005577,0
VEH000377,TSK005577,1
VEH000231,TSK005577,1
VEH000092,TSK005577,1
VEH000263,TSK005577,1
VEH000047,TSK005577,0
VEH000095,TSK005577,1
VEH000440,TSK005577,1
VEH000427,TSK005577,1
VEH000031,TSK005577,0
VEH000309,TSK005577,1
VEH000094,TSK005577,0
VEH000003,TSK005577,1
VEH000318,TSK005577,1
VEH000499,TSK005577,1
VEH000388,TSK005577,1
VEH000397,TSK005577,1
VEH000218,TSK005577,1
VEH000467,TSK005577,1
VEH000100,TSK005577,1
VEH000275,TSK005577,1
VEH000065,TSK005577,0
VEH000299,TSK005577,1
VEH000533,TSK005577,1
VEH000416,TSK005577,1
VEH000058,TSK005577,0
VEH000301,TSK005577,1
VEH000034,TSK005577,1
VEH000043,TSK005577,0
VEH000517,TSK005577,0
VEH000307,TSK005577,1
VEH000422,TSK005577,1
VEH000281,TSK005577,1
VEH000354,TSK005577,1
VEH000386,TSK005577,1
VEH000324,TSK005577,1
VEH000251,TSK005577,0
VEH000313,TSK005577,1
VEH000477,TSK005577,0
VEH000478,TSK005577,0
VEH000265,TSK005577,1
VEH000221,TSK005577,1
VEH000068,TSK005577,1
VEH000431,TSK005577,1
VEH000071,TSK005577,1
VEH000521,TSK005577,1
VEH000053,TSK005577,0
VEH000269,TSK005577,1
VEH000336,TSK005577,1
VEH000341,TSK005577,1
VEH000261,TSK005577,1
VEH000042,TSK005577,1
VEH000353,TSK005577,1
VEH000308,TSK005577,1
VEH000296,TSK005577,1
VEH000078,TSK005577,1
VEH000511,TSK005577,1
VEH000529,TSK005577,1
VEH000220,TSK005577,1
VEH000037,TSK005577,0
VEH000367,TSK005577,1
VEH000368,TSK005577,1
VEH000411,TSK005577,1
VEH000085,TSK005577,1
VEH000098,TSK005577,1
VEH000395,TSK005577,1
VEH000420,TSK005577,1
VEH000083,TSK005577,1
VEH000024,TSK005577,1
VEH000025,TSK005577,1
VEH000280,TSK005577,1
VEH000523,TSK005577,1
VEH000080,TSK005590,1
VEH000323,TSK005590,1
VEH000340,TSK005590,1
VEH000520,TSK005590,1
VEH000379,TSK005590,1
VEH000328,TSK005590,1
VEH000346,TSK005590,1
VEH000305,TSK005590,1
VEH000060,TSK005590,1
VEH000272,TSK005590,1
VEH000352,TSK005590,1
VEH000045,TSK005590,1
VEH000361,TSK005590,1
VEH000257,TSK005590,1
VEH000421,TSK005590,0
VEH000337,TSK005590,1
VEH000248,TSK005590,1
VEH000402,TSK005590,1
VEH000064,TSK005590,1
VEH000459,TSK005590,1
VEH000484,TSK005590,1
VEH000455,TSK005590,0
VEH000373,TSK005590,0
VEH000516,TSK005590,1
VEH000091,TSK005590,1
VEH000011,TSK005590,0
VEH000277,TSK005590,1
VEH000089,TSK005590,1
VEH000288,TSK005590,1
VEH000377,TSK005590,1
VEH000231,TSK005590,1
VEH000092,TSK005590,1
VEH000263,TSK005590,1
VEH000047,TSK005590,1
VEH000095,TSK005590,1
VEH000440,TSK005590,0
VEH000427,TSK005590,0
VEH000031,TSK005590,1
VEH000309,TSK005590,1
VEH000094,TSK005590,0
VEH000003,TSK005590,0
VEH000318,TSK005590,1
VEH000499,TSK005590,0
VEH000388,TSK005590,0
VEH000397,TSK005590,1
VEH000218,TSK005590,1
VEH000467,TSK005590,1
VEH000100,TSK005590,1
VEH000275,TSK005590,1
VEH000065,TSK005590,0
VEH000299,TSK005590,1
VEH000533,TSK005590,1
VEH000416,TSK005590,0
VEH000058,TSK005590,1
VEH000301,TSK005590,0
VEH000034,TSK005590,1
VEH000043,TSK005590,1
VEH000517,TSK005590,0
VEH000307,TSK005590,1
VEH000422,TSK005590,1
VEH000281,TSK005590,1
VEH000354,TSK005590,1
VEH000386,TSK005590,1
VEH000324,TSK005590,0
VEH000251,TSK005590,0
VEH000313,TSK005590,1
VEH000477,TSK005590,1
VEH000478,TSK005590,1
VEH000265,TSK005590,1
VEH000221,TSK005590,1
VEH000068,TSK005590,1
VEH000431,TSK005590,1
VEH000071,TSK005590,1
VEH000521,TSK005590,1
VEH000053,TSK005590,1
VEH000269,TSK005590,0
VEH000336,TSK005590,1
VEH000341,TSK005590,0
VEH000261,TSK005590,1
VEH000042,TSK005590,1
VEH000353,TSK005590,1
VEH000308,TSK005590,1
VEH000296,TSK005590,1
VEH000078,TSK005590,0
VEH000511,TSK005590,1
VEH000529,TSK005590,0
VEH000220,TSK005590,1
VEH000037,TSK005590,1
VEH000367,TSK005590,1
VEH000368,TSK005590,1
VEH000411,TSK005590,1
VEH000085,TSK005590,1
VEH000098,TSK005590,1
VEH000395,TSK005590,1
VEH000420,TSK005590,1
VEH000083,TSK005590,1
VEH000024,TSK005590,1
VEH000025,TSK005590,1
VEH000280,TSK005590,1
VEH000523,TSK005590,1
VEH000080,TSK005602,1
VEH000323,TSK005602,1
VEH000340,TSK005602,1
VEH000520,TSK005602,1
VEH000379,TSK005602,1
VEH000328,TSK005602,1
VEH000346,TSK005602,1
VEH000305,TSK005602,0
VEH000060,TSK005602,0
VEH000272,TSK005602,0
VEH000352,TSK005602,0
VEH000045,TSK005602,1
VEH000361,TSK005602,1
VEH000257,TSK005602,1
VEH000421,TSK005602,1
VEH000337,TSK005602,1
VEH000248,TSK005602,1
VEH000402,TSK005602,0
VEH000064,TSK005602,1
VEH000459,TSK005602,1
VEH000484,TSK005602,1
VEH000455,TSK005602,1
VEH000373,TSK005602,0
VEH000516,TSK005602,1
VEH000091,TSK005602,1
VEH000011,TSK005602,1
VEH000277,TSK005602,1
VEH000089,TSK005602,1
VEH000288,TSK005602,1
VEH000377,TSK005602,1
VEH000231,TSK005602,1
VEH000092,TSK005602,1
VEH000263,TSK005602,1
VEH000047,TSK005602,1
VEH000095,TSK005602,0
VEH000440,TSK005602,1
VEH000427,TSK005602,1
VEH000031,TSK005602,1
VEH000309,TSK005602,1
VEH000094,TSK005602,0
VEH000003,TSK005602,1
VEH000318,TSK005602,1
VEH000499,TSK005602,1
VEH000388,TSK005602,0
VEH000397,TSK005602,1
VEH000218,TSK005602,1
VEH000467,TSK005602,0
VEH000100,TSK005602,0
VEH000275,TSK005602,0
VEH000065,TSK005602,1
VEH000299,TSK005602,0
VEH000533,TSK005602,1
VEH000416,TSK005602,1
VEH000058,TSK005602,1
VEH000301,TSK005602,1
VEH000034,TSK005602,1
VEH000043,TSK005602,1
VEH000517,TSK005602,1
VEH000307,TSK005602,1
VEH000422,TSK005602,1
VEH000281,TSK005602,1
VEH000354,TSK005602,1
VEH000386,TSK005602,0
VEH000324,TSK005602,0
VEH000251,TSK005602,0
VEH000313,TSK005602,1
VEH000477,TSK005602,1
VEH000478,TSK005602,1
VEH000265,TSK005602,1
VEH000221,TSK005602,1
VEH000068,TSK005602,1
VEH000431,TSK005602,1
VEH000071,TSK005602,0
VEH000521,TSK005602,1
VEH000053,TSK005602,1
VEH000269,TSK005602,1
VEH000336,TSK005602,1
VEH000341,TSK005602,1
VEH000261,TSK005602,1
VEH000042,TSK005602,1
VEH000353,TSK005602,1
VEH000308,TSK005602,1
VEH000296,TSK005602,1
VEH000078,TSK005602,0
VEH000511,TSK005602,1
VEH000529,TSK005602,1
VEH000220,TSK005602,1
VEH000037,TSK005602,1
VEH000367,TSK005602,1
VEH000368,TSK005602,1
VEH000411,TSK005602,1
VEH000085,TSK005602,1
VEH000098,TSK005602,0
VEH000395,TSK005602,1
VEH000420,TSK005602,1
VEH000083,TSK005602,0
VEH000024,TSK005602,1
VEH000025,TSK005602,1
VEH000280,TSK005602,1
VEH000523,TSK005602,1
VEH000080,TSK005650,1
VEH000323,TSK005650,1
VEH000340,TSK005650,1
VEH000520,TSK005650,1
VEH000379,TSK005650,1
VEH000328,TSK005650,1
VEH000346,TSK005650,1
VEH000305,TSK005650,1
VEH000060,TSK005650,1
VEH000272,TSK005650,1
VEH000352,TSK005650,1
VEH000045,TSK005650,1
VEH000361,TSK005650,0
VEH000257,TSK005650,1
VEH000421,TSK005650,1
VEH000337,TSK005650,1
VEH000248,TSK005650,1
VEH000402,TSK005650,0
VEH000064,TSK005650,1
VEH000459,TSK005650,1
VEH000484,TSK005650,1
VEH000455,TSK005650,1
VEH000373,TSK005650,1
VEH000516,TSK005650,0
VEH000091,TSK005650,1
VEH000011,TSK005650,1
VEH000277,TSK005650,0
VEH000089,TSK005650,1
VEH000288,TSK005650,1
VEH000377,TSK005650,1
VEH000231,TSK005650,1
VEH000092,TSK005650,0
VEH000263,TSK005650,1
VEH000047,TSK005650,1
VEH000095,TSK005650,1
VEH000440,TSK005650,1
VEH000427,TSK005650,1
VEH000031,TSK005650,1
VEH000309,TSK005650,0
VEH000094,TSK005650,1
VEH000003,TSK005650,1
VEH000318,TSK005650,1
VEH000499,TSK005650,0
VEH000388,TSK005650,0
VEH000397,TSK005650,1
VEH000218,TSK005650,1
VEH000467,TSK005650,1
VEH000100,TSK005650,1
VEH000275,TSK005650,0
VEH000065,TSK005650,1
VEH000299,TSK005650,0
VEH000533,TSK005650,0
VEH000416,TSK005650,1
VEH000058,TSK005650,1
VEH000301,TSK005650,0
VEH000034,TSK005650,1
VEH000043,TSK005650,1
VEH000517,TSK005650,0
VEH000307,TSK005650,0
VEH000422,TSK005650,1
VEH000281,TSK005650,1
VEH000354,TSK005650,1
VEH000386,TSK005650,1
VEH000324,TSK005650,1
VEH000251,TSK005650,1
VEH000313,TSK005650,1
VEH000477,TSK005650,0
VEH000478,TSK005650,1
VEH000265,TSK005650,1
VEH000221,TSK005650,0
VEH000068,TSK005650,1
VEH000431,TSK005650,1
VEH000071,TSK005650,1
VEH000521,TSK005650,1
VEH000053,TSK005650,1
VEH000269,TSK005650,1
VEH000336,TSK005650,1
VEH000341,TSK005650,1
VEH000261,TSK005650,0
VEH000042,TSK005650,1
VEH000353,TSK005650,1
VEH000308,TSK005650,1
VEH000296,TSK005650,1
VEH000078,TSK005650,1
VEH000511,TSK005650,1
VEH000529,TSK005650,1
VEH000220,TSK005650,1
VEH000037,TSK005650,1
VEH000367,TSK005650,1
VEH000368,TSK005650,0
VEH000411,TSK005650,1
VEH000085,TSK005650,1
VEH000098,TSK005650,1
VEH000395,TSK005650,1
VEH000420,TSK005650,1
VEH000083,TSK005650,1
VEH000024,TSK005650,0
VEH000025,TSK005650,1
VEH000280,TSK005650,1
VEH000523,TSK005650,0
VEH000080,TSK005678,1
VEH000323,TSK005678,1
VEH000340,TSK005678,1
VEH000520,TSK005678,1
VEH000379,TSK005678,1
VEH000328,TSK005678,0
VEH000346,TSK005678,1
VEH000305,TSK005678,0
VEH000060,TSK005678,1
VEH000272,TSK005678,1
VEH000352,TSK005678,1
VEH000045,TSK005678,0
VEH000361,TSK005678,1
VEH000257,TSK005678,1
VEH000421,TSK005678,1
VEH000337,TSK005678,1
VEH000248,TSK005678,1
VEH000402,TSK005678,1
VEH000064,TSK005678,0
VEH000459,TSK005678,1
VEH000484,TSK005678,1
VEH000455,TSK005678,1
VEH000373,TSK005678,1
VEH000516,TSK005678,1
VEH000091,TSK005678,1
VEH000011,TSK005678,1
VEH000277,TSK005678,1
VEH000089,TSK005678,1
VEH000288,TSK005678,1
VEH000377,TSK005678,0
VEH000231,TSK005678,0
VEH000092,TSK005678,0
VEH000263,TSK005678,1
VEH000047,TSK005678,1
VEH000095,TSK005678,1
VEH000440,TSK005678,0
VEH000427,TSK005678,1
VEH000031,TSK005678,0
VEH000309,TSK005678,0
VEH000094,TSK005678,1
VEH000003,TSK005678,0
VEH000318,TSK005678,1
VEH000499,TSK005678,1
VEH000388,TSK005678,0
VEH000397,TSK005678,1
VEH000218,TSK005678,1
VEH000467,TSK005678,1
VEH000100,TSK005678,1
VEH000275,TSK005678,1
VEH000065,TSK005678,0
VEH000299,TSK005678,1
VEH000533,TSK005678,1
VEH000416,TSK005678,1
VEH000058,TSK005678,1
VEH000301,TSK005678,1
VEH000034,TSK005678,0
VEH000043,TSK005678,1
VEH000517,TSK005678,0
VEH000307,TSK005678,1
VEH000422,TSK005678,0
VEH000281,TSK005678,1
VEH000354,TSK005678,0
VEH000386,TSK005678,1
VEH000324,TSK005678,1
VEH000251,TSK005678,1
VEH000313,TSK005678,1
VEH000477,TSK005678,1
VEH000478,TSK005678,1
VEH000265,TSK005678,0
VEH000221,TSK005678,1
VEH000068,TSK005678,1
VEH000431,TSK005678,1
VEH000071,TSK005678,1
VEH000521,TSK005678,1
VEH000053,TSK005678,1
VEH000269,TSK005678,1
VEH000336,TSK005678,1
VEH000341,TSK005678,1
VEH000261,TSK005678,1
VEH000042,TSK005678,1
VEH000353,TSK005678,1
VEH000308,TSK005678,1
VEH000296,TSK005678,1
VEH000078,TSK005678,1
VEH000511,TSK005678,1
VEH000529,TSK005678,1
VEH000220,TSK005678,1
VEH000037,TSK005678,1
VEH000367,TSK005678,0
VEH000368,TSK005678,1
VEH000411,TSK005678,1
VEH000085,TSK005678,1
VEH000098,TSK005678,1
VEH000395,TSK005678,1
VEH000420,TSK005678,0
VEH000083,TSK005678,1
VEH000024,TSK005678,1
VEH000025,TSK005678,1
VEH000280,TSK005678,1
VEH000523,TSK005678,1
VEH000080,TSK005693,0
VEH000323,TSK005693,1
VEH000340,TSK005693,1
VEH000520,TSK005693,0
VEH000379,TSK005693,1
VEH000328,TSK005693,1
VEH000346,TSK005693,0
VEH000305,TSK005693,1
VEH000060,TSK005693,1
VEH000272,TSK005693,1
VEH000352,TSK005693,1
VEH000045,TSK005693,1
VEH000361,TSK005693,1
VEH000257,TSK005693,0
VEH000421,TSK005693,1
VEH000337,TSK005693,0
VEH000248,TSK005693,1
VEH000402,TSK005693,1
VEH000064,TSK005693,1
VEH000459,TSK005693,1
VEH000484,TSK005693,1
VEH000455,TSK005693,1
VEH000373,TSK005693,1
VEH000516,TSK005693,1
VEH000091,TSK005693,1
VEH000011,TSK005693,0
VEH000277,TSK005693,1
VEH000089,TSK005693,0
VEH000288,TSK005693,1
VEH000377,TSK005693,1
VEH000231,TSK005693,1
VEH000092,TSK005693,0
VEH000263,TSK005693,1
VEH000047,TSK005693,1
VEH000095,TSK005693,0
VEH000440,TSK005693,1
VEH000427,TSK005693,0
VEH000031,TSK005693,1
VEH000309,TSK005693,0
VEH000094,TSK005693,0
VEH000003,TSK005693,1
VEH000318,TSK005693,1
VEH000499,TSK005693,1
VEH000388,TSK005693,1
VEH000397,TSK005693,1
VEH000218,TSK005693,1
VEH000467,TSK005693,1
VEH000100,TSK005693,1
VEH000275,TSK005693,1
VEH000065,TSK005693,1
VEH000299,TSK005693,1
VEH000533,TSK005693,1
VEH000416,TSK005693,0
VEH000058,TSK005693,1
VEH000301,TSK005693,1
VEH000034,TSK005693,1
VEH000043,TSK005693,1
VEH000517,TSK005693,1
VEH000307,TSK005693,1
VEH000422,TSK005693,1
VEH000281,TSK005693,1
VEH000354,TSK005693,0
VEH000386,TSK005693,1
VEH000324,TSK005693,1
VEH000251,TSK005693,1
VEH000313,TSK005693,0
VEH000477,TSK005693,1
VEH000478,TSK005693,1
VEH000265,TSK005693,1
VEH000221,TSK005693,1
VEH000068,TSK005693,1
VEH000431,TSK005693,1
VEH000071,TSK005693,1
VEH000521,TSK005693,1
VEH000053,TSK005693,1
VEH000269,TSK005693,1
VEH000336,TSK005693,1
VEH000341,TSK005693,1
VEH000261,TSK005693,0
VEH000042,TSK005693,1
VEH000353,TSK005693,1
VEH000308,TSK005693,1
VEH000296,TSK005693,1
VEH000078,TSK005693,1
VEH000511,TSK005693,1
VEH000529,TSK005693,1
VEH000220,TSK005693,1
VEH000037,TSK005693,1
VEH000367,TSK005693,1
VEH000368,TSK005693,1
VEH000411,TSK005693,1
VEH000085,TSK005693,0
VEH000098,TSK005693,0
VEH000395,TSK005693,1
VEH000420,TSK005693,1
VEH000083,TSK005693,1
VEH000024,TSK005693,1
VEH000025,TSK005693,1
VEH000280,TSK005693,0
VEH000523,TSK005693,0
VEH000080,TSK005699,1
VEH000323,TSK005699,1
VEH000340,TSK005699,1
VEH000520,TSK005699,0
VEH000379,TSK005699,1
VEH000328,TSK005699,1
VEH000346,TSK005699,1
VEH000305,TSK005699,1
VEH000060,TSK005699,0
VEH000272,TSK005699,1
VEH000352,TSK005699,1
VEH000045,TSK005699,1
VEH000361,TSK005699,1
VEH000257,TSK005699,1
VEH000421,TSK005699,1
VEH000337,TSK005699,0
VEH000248,TSK005699,1
VEH000402,TSK005699,1
VEH000064,TSK005699,1
VEH000459,TSK005699,1
VEH000484,TSK005699,1
VEH000455,TSK005699,1
VEH000373,TSK005699,1
VEH000516,TSK005699,1
VEH000091,TSK005699,1
VEH000011,TSK005699,0
VEH000277,TSK005699,1
VEH000089,TSK005699,1
VEH000288,TSK005699,1
VEH000377,TSK005699,0
VEH000231,TSK005699,1
VEH000092,TSK005699,1
VEH000263,TSK005699,1
VEH000047,TSK005699,1
VEH000095,TSK005699,1
VEH000440,TSK005699,1
VEH000427,TSK005699,1
VEH000031,TSK005699,0
VEH000309,TSK005699,1
VEH000094,TSK005699,1
VEH000003,TSK005699,1
VEH000318,TSK005699,1
VEH000499,TSK005699,1
VEH000388,TSK005699,1
VEH000397,TSK005699,0
VEH000218,TSK005699,1
VEH000467,TSK005699,0
VEH000100,TSK005699,1
VEH000275,TSK005699,1
VEH000065,TSK005699,1
VEH000299,TSK005699,1
VEH000533,TSK005699,1
VEH000416,TSK005699,1
VEH000058,TSK005699,1
VEH000301,TSK005699,1
VEH000034,TSK005699,0
VEH000043,TSK005699,1
VEH000517,TSK005699,1
VEH000307,TSK005699,1
VEH000422,TSK005699,1
VEH000281,TSK005699,1
VEH000354,TSK005699,0
VEH000386,TSK005699,1
VEH000324,TSK005699,1
VEH000251,TSK005699,0
VEH000313,TSK005699,1
VEH000477,TSK005699,1
VEH000478,TSK005699,1
VEH000265,TSK005699,1
VEH000221,TSK005699,1
VEH000068,TSK005699,1
VEH000431,TSK005699,0
VEH000071,TSK005699,1
VEH000521,TSK005699,1
VEH000053,TSK005699,0
VEH000269,TSK005699,1
VEH000336,TSK005699,1
VEH000341,TSK005699,0
VEH000261,TSK005699,1
VEH000042,TSK005699,1
VEH000353,TSK005699,1
VEH000308,TSK005699,0
VEH000296,TSK005699,0
VEH000078,TSK005699,0
VEH000511,TSK005699,1
VEH000529,TSK005699,1
VEH000220,TSK005699,1
VEH000037,TSK005699,1
VEH000367,TSK005699,1
VEH000368,TSK005699,1
VEH000411,TSK005699,1
VEH000085,TSK005699,1
VEH000098,TSK005699,1
VEH000395,TSK005699,0
VEH000420,TSK005699,0
VEH000083,TSK005699,1
VEH000024,TSK005699,0
VEH000025,TSK005699,1
VEH000280,TSK005699,1
VEH000523,TSK005699,1
VEH000080,TSK005816,1
VEH000323,TSK005816,0
VEH000340,TSK005816,1
VEH000520,TSK005816,0
VEH000379,TSK005816,1
VEH000328,TSK005816,1
VEH000346,TSK005816,1
VEH000305,TSK005816,1
VEH000060,TSK005816,1
VEH000272,TSK005816,1
VEH000352,TSK005816,1
VEH000045,TSK005816,1
VEH000361,TSK005816,0
VEH000257,TSK005816,0
VEH000421,TSK005816,1
VEH000337,TSK005816,1
VEH000248,TSK005816,1
VEH000402,TSK005816,0
VEH000064,TSK005816,1
VEH000459,TSK005816,1
VEH000484,TSK005816,0
VEH000455,TSK005816,1
VEH000373,TSK005816,1
VEH000516,TSK005816,1
VEH000091,TSK005816,1
VEH000011,TSK005816,1
VEH000277,TSK005816,1
VEH000089,TSK005816,1
VEH000288,TSK005816,1
VEH000377,TSK005816,1
VEH000231,TSK005816,1
VEH000092,TSK005816,1
VEH000263,TSK005816,1
VEH000047,TSK005816,1
VEH000095,TSK005816,1
VEH000440,TSK005816,0
VEH000427,TSK005816,1
VEH000031,TSK005816,1
VEH000309,TSK005816,1
VEH000094,TSK005816,1
VEH000003,TSK005816,1
VEH000318,TSK005816,1
VEH000499,TSK005816,1
VEH000388,TSK005816,0
VEH000397,TSK005816,1
VEH000218,TSK005816,1
VEH000467,TSK005816,1
VEH000100,TSK005816,1
VEH000275,TSK005816,1
VEH000065,TSK005816,1
VEH000299,TSK005816,1
VEH000533,TSK005816,1
VEH000416,TSK005816,1
VEH000058,TSK005816,0
VEH000301,TSK005816,1
VEH000034,TSK005816,1
VEH000043,TSK005816,1
VEH000517,TSK005816,1
VEH000307,TSK005816,0
VEH000422,TSK005816,1
VEH000281,TSK005816,1
VEH000354,TSK005816,1
VEH000386,TSK005816,1
VEH000324,TSK005816,1
VEH000251,TSK005816,0
VEH000313,TSK005816,1
VEH000477,TSK005816,1
VEH000478,TSK005816,1
VEH000265,TSK005816,0
VEH000221,TSK005816,1
VEH000068,TSK005816,1
VEH000431,TSK005816,1
VEH000071,TSK005816,1
VEH000521,TSK005816,1
VEH000053,TSK005816,0
VEH000269,TSK005816,1
VEH000336,TSK005816,1
VEH000341,TSK005816,1
VEH000261,TSK005816,0
VEH000042,TSK005816,1
VEH000353,TSK005816,1
VEH000308,TSK005816,1
VEH000296,TSK005816,1
VEH000078,TSK005816,0
VEH000511,TSK005816,1
VEH000529,TSK005816,1
VEH000220,TSK005816,1
VEH000037,TSK005816,1
VEH000367,TSK005816,0
VEH000368,TSK005816,0
VEH000411,TSK005816,1
VEH000085,TSK005816,1
VEH000098,TSK005816,1
VEH000395,TSK005816,1
VEH000420,TSK005816,0
VEH000083,TSK005816,0
VEH000024,TSK005816,1
VEH000025,TSK005816,0
VEH000280,TSK005816,1
VEH000523,TSK005816,1
VEH000080,TSK005850,1
VEH000323,TSK005850,1
VEH000340,TSK005850,0
VEH000520,TSK005850,1
VEH000379,TSK005850,0
VEH000328,TSK005850,1
VEH000346,TSK005850,1
VEH000305,TSK005850,1
VEH000060,TSK005850,1
VEH000272,TSK005850,1
VEH000352,TSK005850,1
VEH000045,TSK005850,0
VEH000361,TSK005850,1
VEH000257,TSK005850,1
VEH000421,TSK005850,0
VEH000337,TSK005850,1
VEH000248,TSK005850,1
VEH000402,TSK005850,1
VEH000064,TSK005850,1
VEH000459,TSK005850,1
VEH000484,TSK005850,1
VEH000455,TSK005850,1
VEH000373,TSK005850,1
VEH000516,TSK005850,1
VEH000091,TSK005850,1
VEH000011,TSK005850,1
VEH000277,TSK005850,1
VEH000089,TSK005850,0
VEH000288,TSK005850,1
VEH000377,TSK005850,1
VEH000231,TSK005850,1
VEH000092,TSK005850,1
VEH000263,TSK005850,1
VEH000047,TSK005850,1
VEH000095,TSK005850,1
VEH000440,TSK005850,1
VEH000427,TSK005850,1
VEH000031,TSK005850,0
VEH000309,TSK005850,1
VEH000094,TSK005850,1
VEH000003,TSK005850,1
VEH000318,TSK005850,1
VEH000499,TSK005850,0
VEH000388,TSK005850,1
VEH000397,TSK005850,1
VEH000218,TSK005850,1
VEH000467,TSK005850,1
VEH000100,TSK005850,1
VEH000275,TSK005850,1
VEH000065,TSK005850,0
VEH000299,TSK005850,0
VEH000533,TSK005850,0
VEH000416,TSK005850,1
VEH000058,TSK005850,1
VEH000301,TSK005850,1
VEH000034,TSK005850,1
VEH000043,TSK005850,1
VEH000517,TSK005850,1
VEH000307,TSK005850,1
VEH000422,TSK005850,1
VEH000281,TSK005850,0
VEH000354,TSK005850,1
VEH000386,TSK005850,1
VEH000324,TSK005850,0
VEH000251,TSK005850,0
VEH000313,TSK005850,1
VEH000477,TSK005850,1
VEH000478,TSK005850,1
VEH000265,TSK005850,1
VEH000221,TSK005850,0
VEH000068,TSK005850,1
VEH000431,TSK005850,1
VEH000071,TSK005850,1
VEH000521,TSK005850,1
VEH000053,TSK005850,1
VEH000269,TSK005850,1
VEH000336,TSK005850,1
VEH000341,TSK005850,0
VEH000261,TSK005850,0
VEH000042,TSK005850,1
VEH000353,TSK005850,1
VEH000308,TSK005850,1
VEH000296,TSK005850,0
VEH000078,TSK005850,0
VEH000511,TSK005850,1
VEH000529,TSK005850,1
VEH000220,TSK005850,1
VEH000037,TSK005850,1
VEH000367,TSK005850,1
VEH000368,TSK005850,1
VEH000411,TSK005850,1
VEH000085,TSK005850,1
VEH000098,TSK005850,0
VEH000395,TSK005850,1
VEH000420,TSK005850,0
VEH000083,TSK005850,1
VEH000024,TSK005850,1
VEH000025,TSK005850,1
VEH000280,TSK005850,1
VEH000523,TSK005850,1
VEH000080,TSK005884,0
VEH000323,TSK005884,1
VEH000340,TSK005884,1
VEH000520,TSK005884,1
VEH000379,TSK005884,0
VEH000328,TSK005884,1
VEH000346,TSK005884,0
VEH000305,TSK005884,1
VEH000060,TSK005884,1
VEH000272,TSK005884,1
VEH000352,TSK005884,0
VEH000045,TSK005884,1
VEH000361,TSK005884,0
VEH000257,TSK005884,0
VEH000421,TSK005884,1
VEH000337,TSK005884,1
VEH000248,TSK005884,1
VEH000402,TSK005884,1
VEH000064,TSK005884,1
VEH000459,TSK005884,1
VEH000484,TSK005884,1
VEH000455,TSK005884,1
VEH000373,TSK005884,1
VEH000516,TSK005884,0
VEH000091,TSK005884,0
VEH000011,TSK005884,1
VEH000277,TSK005884,1
VEH000089,TSK005884,1
VEH000288,TSK005884,1
VEH000377,TSK005884,1
VEH000231,TSK005884,1
VEH000092,TSK005884,0
VEH000263,TSK005884,1
VEH000047,TSK005884,1
VEH000095,TSK005884,1
VEH000440,TSK005884,0
VEH000427,TSK005884,1
VEH000031,TSK005884,1
VEH000309,TSK005884,0
VEH000094,TSK005884,0
VEH000003,TSK005884,1
VEH000318,TSK005884,1
VEH000499,TSK005884,1
VEH000388,TSK005884,1
VEH000397,TSK005884,1
VEH000218,TSK005884,1
VEH000467,TSK005884,0
VEH000100,TSK005884,1
VEH000275,TSK005884,1
VEH000065,TSK005884,1
VEH000299,TSK005884,1
VEH000533,TSK005884,1
VEH000416,TSK005884,1
VEH000058,TSK005884,0
VEH000301,TSK005884,1
VEH000034,TSK005884,0
VEH000043,TSK005884,1
VEH000517,TSK005884,1
VEH000307,TSK005884,1
VEH000422,TSK005884,1
VEH000281,TSK005884,1
VEH000354,TSK005884,1
VEH000386,TSK005884,1
VEH000324,TSK005884,1
VEH000251,TSK005884,1
VEH000313,TSK005884,1
VEH000477,TSK005884,1
VEH000478,TSK005884,1
VEH000265,TSK005884,1
VEH000221,TSK005884,1
VEH000068,TSK005884,1
VEH000431,TSK005884,0
VEH000071,TSK005884,1
VEH000521,TSK005884,1
VEH000053,TSK005884,1
VEH000269,TSK005884,1
VEH000336,TSK005884,1
VEH000341,TSK005884,1
VEH000261,TSK005884,1
VEH000042,TSK005884,0
VEH000353,TSK005884,1
VEH000308,TSK005884,0
VEH000296,TSK005884,1
VEH000078,TSK005884,1
VEH000511,TSK005884,1
VEH000529,TSK005884,1
VEH000220,TSK005884,1
VEH000037,TSK005884,1
VEH000367,TSK005884,1
VEH000368,TSK005884,1
VEH000411,TSK005884,1
VEH000085,TSK005884,1
VEH000098,TSK005884,1
VEH000395,TSK005884,1
VEH000420,TSK005884,1
VEH000083,TSK005884,1
VEH000024,TSK005884,1
VEH000025,TSK005884,1
VEH000280,TSK005884,0
VEH000523,TSK005884,0
VEH000080,TSK005951,1
VEH000323,TSK005951,1
VEH000340,TSK005951,0
VEH000520,TSK005951,1
VEH000379,TSK005951,0
VEH000328,TSK005951,1
VEH000346,TSK005951,1
VEH000305,TSK005951,1
VEH000060,TSK005951,1
VEH000272,TSK005951,1
VEH000352,TSK005951,1
VEH000045,TSK005951,1
VEH000361,TSK005951,1
VEH000257,TSK005951,1
VEH000421,TSK005951,1
VEH000337,TSK005951,1
VEH000248,TSK005951,0
VEH000402,TSK005951,1
VEH000064,TSK005951,0
VEH000459,TSK005951,1
VEH000484,TSK005951,1
VEH000455,TSK005951,1
VEH000373,TSK005951,0
VEH000516,TSK005951,1
VEH000091,TSK005951,1
VEH000011,TSK005951,1
VEH000277,TSK005951,0
VEH000089,TSK005951,1
VEH000288,TSK005951,1
VEH000377,TSK005951,0
VEH000231,TSK005951,1
VEH000092,TSK005951,1
VEH000263,TSK005951,1
VEH000047,TSK005951,1
VEH000095,TSK005951,1
VEH000440,TSK005951,0
VEH000427,TSK005951,1
VEH000031,TSK005951,1
VEH000309,TSK005951,0
VEH000094,TSK005951,0
VEH000003,TSK005951,1
VEH000318,TSK005951,1
VEH000499,TSK005951,1
VEH000388,TSK005951,1
VEH000397,TSK005951,1
VEH000218,TSK005951,0
VEH000467,TSK005951,1
VEH000100,TSK005951,1
VEH000275,TSK005951,0
VEH000065,TSK005951,1
VEH000299,TSK005951,0
VEH000533,TSK005951,1
VEH000416,TSK005951,1
VEH000058,TSK005951,1
VEH000301,TSK005951,1
VEH000034,TSK005951,0
VEH000043,TSK005951,1
VEH000517,TSK005951,1
VEH000307,TSK005951,0
VEH000422,TSK005951,1
VEH000281,TSK005951,0
VEH000354,TSK005951,1
VEH000386,TSK005951,1
VEH000324,TSK005951,1
VEH000251,TSK005951,1
VEH000313,TSK005951,1
VEH000477,TSK005951,1
VEH000478,TSK005951,1
VEH000265,TSK005951,1
VEH000221,TSK005951,1
VEH000068,TSK005951,1
VEH000431,TSK005951,1
VEH000071,TSK005951,1
VEH000521,TSK005951,1
VEH000053,TSK005951,1
VEH000269,TSK005951,1
VEH000336,TSK005951,1
VEH000341,TSK005951,1
VEH000261,TSK005951,1
VEH000042,TSK005951,1
VEH000353,TSK005951,1
VEH000308,TSK005951,0
VEH000296,TSK005951,0
VEH000078,TSK005951,1
VEH000511,TSK005951,1
VEH000529,TSK005951,1
VEH000220,TSK005951,1
VEH000037,TSK005951,0
VEH000367,TSK005951,1
VEH000368,TSK005951,1
VEH000411,TSK005951,1
VEH000085,TSK005951,0
VEH000098,TSK005951,1
VEH000395,TSK005951,1
VEH000420,TSK005951,1
VEH000083,TSK005951,1
VEH000024,TSK005951,1
VEH000025,TSK005951,1
VEH000280,TSK005951,1
VEH000523,TSK005951,1
VEH000080,TSK006056,1
VEH000323,TSK006056,1
VEH000340,TSK006056,1
VEH000520,TSK006056,1
VEH000379,TSK006056,1
VEH000328,TSK006056,1
VEH000346,TSK006056,1
VEH000305,TSK006056,1
VEH000060,TSK006056,1
VEH000272,TSK006056,1
VEH000352,TSK006056,1
VEH000045,TSK006056,1
VEH000361,TSK006056,1
VEH000257,TSK006056,1
VEH000421,TSK006056,1
VEH000337,TSK006056,1
VEH000248,TSK006056,1
VEH000402,TSK006056,0
VEH000064,TSK006056,1
VEH000459,TSK006056,1
VEH000484,TSK006056,1
VEH000455,TSK006056,0
VEH000373,TSK006056,1
VEH000516,TSK006056,1
VEH000091,TSK006056,1
VEH000011,TSK006056,1
VEH000277,TSK006056,0
VEH000089,TSK006056,1
VEH000288,TSK006056,1
VEH000377,TSK006056,1
VEH000231,TSK006056,0
VEH000092,TSK006056,1
VEH000263,TSK006056,0
VEH000047,TSK006056,1
VEH000095,TSK006056,0
VEH000440,TSK006056,1
VEH000427,TSK006056,1
VEH000031,TSK006056,1
VEH000309,TSK006056,1
VEH000094,TSK006056,1
VEH000003,TSK006056,1
VEH000318,TSK006056,1
VEH000499,TSK006056,1
VEH000388,TSK006056,1
VEH000397,TSK006056,1
VEH000218,TSK006056,0
VEH000467,TSK006056,0
VEH000100,TSK006056,1
VEH000275,TSK006056,0
VEH000065,TSK006056,1
VEH000299,TSK006056,1
VEH000533,TSK006056,1
VEH000416,TSK006056,0
VEH000058,TSK006056,1
VEH000301,TSK006056,1
VEH000034,TSK006056,1
VEH000043,TSK006056,1
VEH000517,TSK006056,1
VEH000307,TSK006056,1
VEH000422,TSK006056,1
VEH000281,TSK006056,0
VEH000354,TSK006056,0
VEH000386,TSK006056,1
VEH000324,TSK006056,0
VEH000251,TSK006056,1
VEH000313,TSK006056,1
VEH000477,TSK006056,0
VEH000478,TSK006056,1
VEH000265,TSK006056,1
VEH000221,TSK006056,1
VEH000068,TSK006056,1
VEH000431,TSK006056,1
VEH000071,TSK006056,1
VEH000521,TSK006056,1
VEH000053,TSK006056,1
VEH000269,TSK006056,1
VEH000336,TSK006056,1
VEH000341,TSK006056,1
VEH000261,TSK006056,1
VEH000042,TSK006056,1
VEH000353,TSK006056,0
VEH000308,TSK006056,1
VEH000296,TSK006056,0
VEH000078,TSK006056,0
VEH000511,TSK006056,1
VEH000529,TSK006056,0
VEH000220,TSK006056,1
VEH000037,TSK006056,0
VEH000367,TSK006056,1
VEH000368,TSK006056,1
VEH000411,TSK006056,1
VEH000085,TSK006056,1
VEH000098,TSK006056,1
VEH000395,TSK006056,1
VEH000420,TSK006056,1
VEH000083,TSK006056,1
VEH000024,TSK006056,1
VEH000025,TSK006056,1
VEH000280,TSK006056,0
VEH000523,TSK006056,1
VEH000080,TSK006078,0
VEH000323,TSK006078,0
VEH000340,TSK006078,1
VEH000520,TSK006078,1
VEH000379,TSK006078,1
VEH000328,TSK006078,1
VEH000346,TSK006078,1
VEH000305,TSK006078,1
VEH000060,TSK006078,1
VEH000272,TSK006078,1
VEH000352,TSK006078,1
VEH000045,TSK006078,1
VEH000361,TSK006078,0
VEH000257,TSK006078,0
VEH000421,TSK006078,1
VEH000337,TSK006078,1
VEH000248,TSK006078,1
VEH000402,TSK006078,1
VEH000064,TSK006078,1
VEH000459,TSK006078,1
VEH000484,TSK006078,0
VEH000455,TSK006078,1
VEH000373,TSK006078,1
VEH000516,TSK006078,1
VEH000091,TSK006078,1
VEH000011,TSK006078,1
VEH000277,TSK006078,0
VEH000089,TSK006078,1
VEH000288,TSK006078,1
VEH000377,TSK006078,1
VEH000231,TSK006078,1
VEH000092,TSK006078,0
VEH000263,TSK006078,1
VEH000047,TSK006078,1
VEH000095,TSK006078,0
VEH000440,TSK006078,1
VEH000427,TSK006078,1
VEH000031,TSK006078,1
VEH000309,TSK006078,0
VEH000094,TSK006078,1
VEH000003,TSK006078,1
VEH000318,TSK006078,1
VEH000499,TSK006078,0
VEH000388,TSK006078,1
VEH000397,TSK006078,1
VEH000218,TSK006078,1
VEH000467,TSK006078,1
VEH000100,TSK006078,0
VEH000275,TSK006078,0
VEH000065,TSK006078,1
VEH000299,TSK006078,1
VEH000533,TSK006078,0
VEH000416,TSK006078,1
VEH000058,TSK006078,1
VEH000301,TSK006078,0
VEH000034,TSK006078,0
VEH000043,TSK006078,1
VEH000517,TSK006078,1
VEH000307,TSK006078,1
VEH000422,TSK006078,1
VEH000281,TSK006078,0
VEH000354,TSK006078,1
VEH000386,TSK006078,1
VEH000324,TSK006078,1
VEH000251,TSK006078,1
VEH000313,TSK006078,1
VEH000477,TSK006078,0
VEH000478,TSK006078,1
VEH000265,TSK006078,1
VEH000221,TSK006078,1
VEH000068,TSK006078,1
VEH000431,TSK006078,1
VEH000071,TSK006078,1
VEH000521,TSK006078,1
VEH000053,TSK006078,1
VEH000269,TSK006078,1
VEH000336,TSK006078,1
VEH000341,TSK006078,1
VEH000261,TSK006078,1
VEH000042,TSK006078,1
VEH000353,TSK006078,1
VEH000308,TSK006078,1
VEH000296,TSK006078,1
VEH000078,TSK006078,1
VEH000511,TSK006078,0
VEH000529,TSK006078,0
VEH000220,TSK006078,1
VEH000037,TSK006078,1
VEH000367,TSK006078,0
VEH000368,TSK006078,1
VEH000411,TSK006078,1
VEH000085,TSK006078,1
VEH000098,TSK006078,1
VEH000395,TSK006078,1
VEH000420,TSK006078,1
VEH000083,TSK006078,1
VEH000024,TSK006078,1
VEH000025,TSK006078,1
VEH000280,TSK006078,1
VEH000523,TSK006078,1
VEH000080,TSK006107,1
VEH000323,TSK006107,0
VEH000340,TSK006107,1
VEH000520,TSK006107,1
VEH000379,TSK006107,0
VEH000328,TSK006107,1
VEH000346,TSK006107,1
VEH000305,TSK006107,1
VEH000060,TSK006107,1
VEH000272,TSK006107,1
VEH000352,TSK006107,1
VEH000045,TSK006107,1
VEH000361,TSK006107,1
VEH000257,TSK006107,1
VEH000421,TSK006107,1
VEH000337,TSK006107,0
VEH000248,TSK006107,1
VEH000402,TSK006107,1
VEH000064,TSK006107,1
VEH000459,TSK006107,1
VEH000484,TSK006107,1
VEH000455,TSK006107,1
VEH000373,TSK006107,1
VEH000516,TSK006107,1
VEH000091,TSK006107,0
VEH000011,TSK006107,1
VEH000277,TSK006107,1
VEH000089,TSK006107,0
VEH000288,TSK006107,1
VEH000377,TSK006107,1
VEH000231,TSK006107,1
VEH000092,TSK006107,0
VEH000263,TSK006107,1
VEH000047,TSK006107,1
VEH000095,TSK006107,1
VEH000440,TSK006107,1
VEH000427,TSK006107,0
VEH000031,TSK006107,1
VEH000309,TSK006107,1
VEH000094,TSK006107,1
VEH000003,TSK006107,1
VEH000318,TSK006107,1
VEH000499,TSK006107,1
VEH000388,TSK006107,1
VEH000397,TSK006107,0
VEH000218,TSK006107,1
VEH000467,TSK006107,1
VEH000100,TSK006107,0
VEH000275,TSK006107,1
VEH000065,TSK006107,1
VEH000299,TSK006107,1
VEH000533,TSK006107,1
VEH000416,TSK006107,1
VEH000058,TSK006107,0
VEH000301,TSK006107,1
VEH000034,TSK006107,1
VEH000043,TSK006107,1
VEH000517,TSK006107,1
VEH000307,TSK006107,0
VEH000422,TSK006107,1
VEH000281,TSK006107,1
VEH000354,TSK006107,1
VEH000386,TSK006107,1
VEH000324,TSK006107,0
VEH000251,TSK006107,1
VEH000313,TSK006107,1
VEH000477,TSK006107,1
VEH000478,TSK006107,1
VEH000265,TSK006107,1
VEH000221,TSK006107,1
VEH000068,TSK006107,1
VEH000431,TSK006107,1
VEH000071,TSK006107,1
VEH000521,TSK006107,0
VEH000053,TSK006107,0
VEH000269,TSK006107,1
VEH000336,TSK006107,1
VEH000341,TSK006107,0
VEH000261,TSK006107,1
VEH000042,TSK006107,1
VEH000353,TSK006107,1
VEH000308,TSK006107,1
VEH000296,TSK006107,0
VEH000078,TSK006107,1
VEH000511,TSK006107,0
VEH000529,TSK006107,1
VEH000220,TSK006107,0
VEH000037,TSK006107,0
VEH000367,TSK006107,1
VEH000368,TSK006107,0
VEH000411,TSK006107,1
VEH000085,TSK006107,1
VEH000098,TSK006107,1
VEH000395,TSK006107,1
VEH000420,TSK006107,1
VEH000083,TSK006107,1
VEH000024,TSK006107,1
VEH000025,TSK006107,1
VEH000280,TSK006107,1
VEH000523,TSK006107,1
VEH000080,TSK006164,1
VEH000323,TSK006164,0
VEH000340,TSK006164,0
VEH000520,TSK006164,1
VEH000379,TSK006164,0
VEH000328,TSK006164,0
VEH000346,TSK006164,0
VEH000305,TSK006164,1
VEH000060,TSK006164,1
VEH000272,TSK006164,1
VEH000352,TSK006164,1
VEH000045,TSK006164,1
VEH000361,TSK006164,1
VEH000257,TSK006164,1
VEH000421,TSK006164,1
VEH000337,TSK006164,1
VEH000248,TSK006164,0
VEH000402,TSK006164,1
VEH000064,TSK006164,1
VEH000459,TSK006164,0
VEH000484,TSK006164,1
VEH000455,TSK006164,0
VEH000373,TSK006164,1
VEH000516,TSK006164,1
VEH000091,TSK006164,1
VEH000011,TSK006164,1
VEH000277,TSK006164,1
VEH000089,TSK006164,1
VEH000288,TSK006164,1
VEH000377,TSK006164,1
VEH000231,TSK006164,1
VEH000092,TSK006164,1
VEH000263,TSK006164,1
VEH000047,TSK006164,1
VEH000095,TSK006164,1
VEH000440,TSK006164,1
VEH000427,TSK006164,1
VEH000031,TSK006164,1
VEH000309,TSK006164,0
VEH000094,TSK006164,0
VEH000003,TSK006164,0
VEH000318,TSK006164,0
VEH000499,TSK006164,1
VEH000388,TSK006164,1
VEH000397,TSK006164,1
VEH000218,TSK006164,1
VEH000467,TSK006164,1
VEH000100,TSK006164,1
VEH000275,TSK006164,1
VEH000065,TSK006164,0
VEH000299,TSK006164,1
VEH000533,TSK006164,1
VEH000416,TSK006164,1
VEH000058,TSK006164,1
VEH000301,TSK006164,1
VEH000034,TSK006164,1
VEH000043,TSK006164,0
VEH000517,TSK006164,0
VEH000307,TSK006164,1
VEH000422,TSK006164,1
VEH000281,TSK006164,1
VEH000354,TSK006164,1
VEH000386,TSK006164,1
VEH000324,TSK006164,1
VEH000251,TSK006164,1
VEH000313,TSK006164,1
VEH000477,TSK006164,1
VEH000478,TSK006164,0
VEH000265,TSK006164,1
VEH000221,TSK006164,1
VEH000068,TSK006164,1
VEH000431,TSK006164,1
VEH000071,TSK006164,1
VEH000521,TSK006164,0
VEH000053,TSK006164,1
VEH000269,TSK006164,1
VEH000336,TSK006164,1
VEH000341,TSK006164,1
VEH000261,TSK006164,1
VEH000042,TSK006164,1
VEH000353,TSK006164,1
VEH000308,TSK006164,1
VEH000296,TSK006164,1
VEH000078,TSK006164,1
VEH000511,TSK006164,1
VEH000529,TSK006164,1
VEH000220,TSK006164,1
VEH000037,TSK006164,0
VEH000367,TSK006164,1
VEH000368,TSK006164,1
VEH000411,TSK006164,1
VEH000085,TSK006164,1
VEH000098,TSK006164,0
VEH000395,TSK006164,1
VEH000420,TSK006164,0
VEH000083,TSK006164,1
VEH000024,TSK006164,1
VEH000025,TSK006164,1
VEH000280,TSK006164,1
VEH000523,TSK006164,1
VEH000080,TSK006206,1
VEH000323,TSK006206,1
VEH000340,TSK006206,1
VEH000520,TSK006206,1
VEH000379,TSK006206,1
VEH000328,TSK006206,1
VEH000346,TSK006206,0
VEH000305,TSK006206,0
VEH000060,TSK006206,0
VEH000272,TSK006206,1
VEH000352,TSK006206,1
VEH000045,TSK006206,1
VEH000361,TSK006206,1
VEH000257,TSK006206,1
VEH000421,TSK006206,1
VEH000337,TSK006206,1
VEH000248,TSK006206,1
VEH000402,TSK006206,1
VEH000064,TSK006206,0
VEH000459,TSK006206,0
VEH000484,TSK006206,1
VEH000455,TSK006206,1
VEH000373,TSK006206,1
VEH000516,TSK006206,1
VEH000091,TSK006206,1
VEH000011,TSK006206,1
VEH000277,TSK006206,1
VEH000089,TSK006206,1
VEH000288,TSK006206,1
VEH000377,TSK006206,1
VEH000231,TSK006206,1
VEH000092,TSK006206,1
VEH000263,TSK006206,1
VEH000047,TSK006206,1
VEH000095,TSK006206,1
VEH000440,TSK006206,1
VEH000427,TSK006206,1
VEH000031,TSK006206,0
VEH000309,TSK006206,0
VEH000094,TSK006206,1
VEH000003,TSK006206,1
VEH000318,TSK006206,1
VEH000499,TSK006206,1
VEH000388,TSK006206,1
VEH000397,TSK006206,1
VEH000218,TSK006206,1
VEH000467,TSK006206,1
VEH000100,TSK006206,1
VEH000275,TSK006206,0
VEH000065,TSK006206,1
VEH000299,TSK006206,1
VEH000533,TSK006206,1
VEH000416,TSK006206,1
VEH000058,TSK006206,1
VEH000301,TSK006206,0
VEH000034,TSK006206,1
VEH000043,TSK006206,1
VEH000517,TSK006206,1
VEH000307,TSK006206,1
VEH000422,TSK006206,0
VEH000281,TSK006206,1
VEH000354,TSK006206,1
VEH000386,TSK006206,1
VEH000324,TSK006206,0
VEH000251,TSK006206,1
VEH000313,TSK006206,1
VEH000477,TSK006206,1
VEH000478,TSK006206,1
VEH000265,TSK006206,1
VEH000221,TSK006206,0
VEH000068,TSK006206,1
VEH000431,TSK006206,1
VEH000071,TSK006206,1
VEH000521,TSK006206,0
VEH000053,TSK006206,1
VEH000269,TSK006206,1
VEH000336,TSK006206,0
VEH000341,TSK006206,0
VEH000261,TSK006206,1
VEH000042,TSK006206,1
VEH000353,TSK006206,1
VEH000308,TSK006206,1
VEH000296,TSK006206,1
VEH000078,TSK006206,1
VEH000511,TSK006206,1
VEH000529,TSK006206,1
VEH000220,TSK006206,0
VEH000037,TSK006206,1
VEH000367,TSK006206,1
VEH000368,TSK006206,1
VEH000411,TSK006206,1
VEH000085,TSK006206,1
VEH000098,TSK006206,0
VEH000395,TSK006206,1
VEH000420,TSK006206,0
VEH000083,TSK006206,0
VEH000024,TSK006206,1
VEH000025,TSK006206,0
VEH000280,TSK006206,1
VEH000523,TSK006206,1
VEH000080,TSK006214,1
VEH000323,TSK006214,1
VEH000340,TSK006214,1
VEH000520,TSK006214,1
VEH000379,TSK006214,1
VEH000328,TSK006214,1
VEH000346,TSK006214,0
VEH000305,TSK006214,1
VEH000060,TSK006214,1
VEH000272,TSK006214,1
VEH000352,TSK006214,1
VEH000045,TSK006214,1
VEH000361,TSK006214,1
VEH000257,TSK006214,1
VEH000421,TSK006214,1
VEH000337,TSK006214,1
VEH000248,TSK006214,1
VEH000402,TSK006214,0
VEH000064,TSK006214,1
VEH000459,TSK006214,1
VEH000484,TSK006214,1
VEH000455,TSK006214,0
VEH000373,TSK006214,0
VEH000516,TSK006214,1
VEH000091,TSK006214,0
VEH000011,TSK006214,1
VEH000277,TSK006214,1
VEH000089,TSK006214,1
VEH000288,TSK006214,0
VEH000377,TSK006214,1
VEH000231,TSK006214,1
VEH000092,TSK006214,1
VEH000263,TSK006214,0
VEH000047,TSK006214,1
VEH000095,TSK006214,1
VEH000440,TSK006214,1
VEH000427,TSK006214,1
VEH000031,TSK006214,1
VEH000309,TSK006214,1
VEH000094,TSK006214,0
VEH000003,TSK006214,1
VEH000318,TSK006214,0
VEH000499,TSK006214,1
VEH000388,TSK006214,1
VEH000397,TSK006214,1
VEH000218,TSK006214,1
VEH000467,TSK006214,1
VEH000100,TSK006214,1
VEH000275,TSK006214,1
VEH000065,TSK006214,1
VEH000299,TSK006214,1
VEH000533,TSK006214,0
VEH000416,TSK006214,1
VEH000058,TSK006214,1
VEH000301,TSK006214,0
VEH000034,TSK006214,1
VEH000043,TSK006214,1
VEH000517,TSK006214,0
VEH000307,TSK006214,0
VEH000422,TSK006214,0
VEH000281,TSK006214,1
VEH000354,TSK006214,1
VEH000386,TSK006214,1
VEH000324,TSK006214,1
VEH000251,TSK006214,0
VEH000313,TSK006214,1
VEH000477,TSK006214,1
VEH000478,TSK006214,1
VEH000265,TSK006214,1
VEH000221,TSK006214,1
VEH000068,TSK006214,1
VEH000431,TSK006214,0
VEH000071,TSK006214,1
VEH000521,TSK006214,0
VEH000053,TSK006214,1
VEH000269,TSK006214,1
VEH000336,TSK006214,1
VEH000341,TSK006214,1
VEH000261,TSK006214,1
VEH000042,TSK006214,1
VEH000353,TSK006214,1
VEH000308,TSK006214,1
VEH000296,TSK006214,1
VEH000078,TSK006214,1
VEH000511,TSK006214,1
VEH000529,TSK006214,1
VEH000220,TSK006214,1
VEH000037,TSK006214,1
VEH000367,TSK006214,1
VEH000368,TSK006214,1
VEH000411,TSK006214,1
VEH000085,TSK006214,0
VEH000098,TSK006214,1
VEH000395,TSK006214,0
VEH000420,TSK006214,0
VEH000083,TSK006214,1
VEH000024,TSK006214,1
VEH000025,TSK006214,1
VEH000280,TSK006214,1
VEH000523,TSK006214,1
VEH000080,TSK006238,1
VEH000323,TSK006238,1
VEH000340,TSK006238,0
VEH000520,TSK006238,1
VEH000379,TSK006238,1
VEH000328,TSK006238,1
VEH000346,TSK006238,0
VEH000305,TSK006238,0
VEH000060,TSK006238,1
VEH000272,TSK006238,0
VEH000352,TSK006238,1
VEH000045,TSK006238,1
VEH000361,TSK006238,1
VEH000257,TSK006238,1
VEH000421,TSK006238,1
VEH000337,TSK006238,1
VEH000248,TSK006238,1
VEH000402,TSK006238,0
VEH000064,TSK006238,1
VEH000459,TSK006238,1
VEH000484,TSK006238,1
VEH000455,TSK006238,1
VEH000373,TSK006238,1
VEH000516,TSK006238,0
VEH000091,TSK006238,0
VEH000011,TSK006238,1
VEH000277,TSK006238,1
VEH000089,TSK006238,1
VEH000288,TSK006238,1
VEH000377,TSK006238,1
VEH000231,TSK006238,1
VEH000092,TSK006238,1
VEH000263,TSK006238,1
VEH000047,TSK006238,0
VEH000095,TSK006238,0
VEH000440,TSK006238,1
VEH000427,TSK006238,1
VEH000031,TSK006238,1
VEH000309,TSK006238,1
VEH000094,TSK006238,1
VEH000003,TSK006238,1
VEH000318,TSK006238,0
VEH000499,TSK006238,1
VEH000388,TSK006238,1
VEH000397,TSK006238,1
VEH000218,TSK006238,1
VEH000467,TSK006238,1
VEH000100,TSK006238,1
VEH000275,TSK006238,1
VEH000065,TSK006238,1
VEH000299,TSK006238,1
VEH000533,TSK006238,1
VEH000416,TSK006238,1
VEH000058,TSK006238,1
VEH000301,TSK006238,1
VEH000034,TSK006238,0
VEH000043,TSK006238,0
VEH000517,TSK006238,1
VEH000307,TSK006238,0
VEH000422,TSK006238,1
VEH000281,TSK006238,1
VEH000354,TSK006238,1
VEH000386,TSK006238,1
VEH000324,TSK006238,1
VEH000251,TSK006238,1
VEH000313,TSK006238,1
VEH000477,TSK006238,0
VEH000478,TSK006238,0
VEH000265,TSK006238,0
VEH000221,TSK006238,1
VEH000068,TSK006238,0
VEH000431,TSK006238,1
VEH000071,TSK006238,1
VEH000521,TSK006238,1
VEH000053,TSK006238,0
VEH000269,TSK006238,1
VEH000336,TSK006238,1
VEH000341,TSK006238,1
VEH000261,TSK006238,1
VEH000042,TSK006238,1
VEH000353,TSK006238,1
VEH000308,TSK006238,1
VEH000296,TSK006238,1
VEH000078,TSK006238,1
VEH000511,TSK006238,1
VEH000529,TSK006238,0
VEH000220,TSK006238,0
VEH000037,TSK006238,1
VEH000367,TSK006238,1
VEH000368,TSK006238,1
VEH000411,TSK006238,1
VEH000085,TSK006238,1
VEH000098,TSK006238,1
VEH000395,TSK006238,1
VEH000420,TSK006238,1
VEH000083,TSK006238,1
VEH000024,TSK006238,1
VEH000025,TSK006238,1
VEH000280,TSK006238,1
VEH000523,TSK006238,1
VEH000080,TSK006334,1
VEH000323,TSK006334,1
VEH000340,TSK006334,1
VEH000520,TSK006334,0
VEH000379,TSK006334,0
VEH000328,TSK006334,1
VEH000346,TSK006334,1
VEH000305,TSK006334,1
VEH000060,TSK006334,1
VEH000272,TSK006334,0
VEH000352,TSK006334,0
VEH000045,TSK006334,1
VEH000361,TSK006334,1
VEH000257,TSK006334,1
VEH000421,TSK006334,1
VEH000337,TSK006334,1
VEH000248,TSK006334,0
VEH000402,TSK006334,1
VEH000064,TSK006334,0
VEH000459,TSK006334,1
VEH000484,TSK006334,1
VEH000455,TSK006334,1
VEH000373,TSK006334,1
VEH000516,TSK006334,1
VEH000091,TSK006334,1
VEH000011,TSK006334,1
VEH000277,TSK006334,1
VEH000089,TSK006334,1
VEH000288,TSK006334,1
VEH000377,TSK006334,1
VEH000231,TSK006334,1
VEH000092,TSK006334,0
VEH000263,TSK006334,1
VEH000047,TSK006334,1
VEH000095,TSK006334,1
VEH000440,TSK006334,1
VEH000427,TSK006334,1
VEH000031,TSK006334,1
VEH000309,TSK006334,0
VEH000094,TSK006334,1
VEH000003,TSK006334,1
VEH000318,TSK006334,1
VEH000499,TSK006334,0
VEH000388,TSK006334,1
VEH000397,TSK006334,1
VEH000218,TSK006334,1
VEH000467,TSK006334,1
VEH000100,TSK006334,1
VEH000275,TSK006334,1
VEH000065,TSK006334,1
VEH000299,TSK006334,0
VEH000533,TSK006334,0
VEH000416,TSK006334,1
VEH000058,TSK006334,1
VEH000301,TSK006334,1
VEH000034,TSK006334,1
VEH000043,TSK006334,1
VEH000517,TSK006334,1
VEH000307,TSK006334,1
VEH000422,TSK006334,1
VEH000281,TSK006334,1
VEH000354,TSK006334,1
VEH000386,TSK006334,0
VEH000324,TSK006334,1
VEH000251,TSK006334,1
VEH000313,TSK006334,0
VEH000477,TSK006334,0
VEH000478,TSK006334,1
VEH000265,TSK006334,1
VEH000221,TSK006334,0
VEH000068,TSK006334,1
VEH000431,TSK006334,1
VEH000071,TSK006334,1
VEH000521,TSK006334,0
VEH000053,TSK006334,1
VEH000269,TSK006334,1
VEH000336,TSK006334,1
VEH000341,TSK006334,0
VEH000261,TSK006334,1
VEH000042,TSK006334,0
VEH000353,TSK006334,1
VEH000308,TSK006334,1
VEH000296,TSK006334,1
VEH000078,TSK006334,1
VEH000511,TSK006334,1
VEH000529,TSK006334,1
VEH000220,TSK006334,1
VEH000037,TSK006334,1
VEH000367,TSK006334,1
VEH000368,TSK006334,1
VEH000411,TSK006334,1
VEH000085,TSK006334,1
VEH000098,TSK006334,0
VEH000395,TSK006334,1
VEH000420,TSK006334,1
VEH000083,TSK006334,1
VEH000024,TSK006334,0
VEH000025,TSK006334,1
VEH000280,TSK006334,1
VEH000523,TSK006334,1
VEH000080,TSK006347,0
VEH000323,TSK006347,0
VEH000340,TSK006347,0
VEH000520,TSK006347,1
VEH000379,TSK006347,1
VEH000328,TSK006347,0
VEH000346,TSK006347,1
VEH000305,TSK006347,0
VEH000060,TSK006347,0
VEH000272,TSK006347,0
VEH000352,TSK006347,0
VEH000045,TSK006347,1
VEH000361,TSK006347,1
VEH000257,TSK006347,0
VEH000421,TSK006347,1
VEH000337,TSK006347,0
VEH000248,TSK006347,1
VEH000402,TSK006347,1
VEH000064,TSK006347,1
VEH000459,TSK006347,1
VEH000484,TSK006347,0
VEH000455,TSK006347,1
VEH000373,TSK006347,1
VEH000516,TSK006347,1
VEH000091,TSK006347,1
VEH000011,TSK006347,1
VEH000277,TSK006347,0
VEH000089,TSK006347,1
VEH000288,TSK006347,1
VEH000377,TSK006347,1
VEH000231,TSK006347,1
VEH000092,TSK006347,1
VEH000263,TSK006347,1
VEH000047,TSK006347,1
VEH000095,TSK006347,1
VEH000440,TSK006347,1
VEH000427,TSK006347,1
VEH000031,TSK006347,0
VEH000309,TSK006347,1
VEH000094,TSK006347,1
VEH000003,TSK006347,0
VEH000318,TSK006347,1
VEH000499,TSK006347,1
VEH000388,TSK006347,1
VEH000397,TSK006347,1
VEH000218,TSK006347,1
VEH000467,TSK006347,1
VEH000100,TSK006347,1
VEH000275,TSK006347,1
VEH000065,TSK006347,1
VEH000299,TSK006347,0
VEH000533,TSK006347,1
VEH000416,TSK006347,1
VEH000058,TSK006347,1
VEH000301,TSK006347,1
VEH000034,TSK006347,1
VEH000043,TSK006347,1
VEH000517,TSK006347,1
VEH000307,TSK006347,1
VEH000422,TSK006347,1
VEH000281,TSK006347,1
VEH000354,TSK006347,1
VEH000386,TSK006347,1
VEH000324,TSK006347,1
VEH000251,TSK006347,1
VEH000313,TSK006347,1
VEH000477,TSK006347,1
VEH000478,TSK006347,1
VEH000265,TSK006347,0
VEH000221,TSK006347,1
VEH000068,TSK006347,1
VEH000431,TSK006347,1
VEH000071,TSK006347,1
VEH000521,TSK006347,1
VEH000053,TSK006347,1
VEH000269,TSK006347,1
VEH000336,TSK006347,1
VEH000341,TSK006347,1
VEH000261,TSK006347,0
VEH000042,TSK006347,1
VEH000353,TSK006347,1
VEH000308,TSK006347,0
VEH000296,TSK006347,1
VEH000078,TSK006347,1
VEH000511,TSK006347,1
VEH000529,TSK006347,1
VEH000220,TSK006347,1
VEH000037,TSK006347,1
VEH000367,TSK006347,1
VEH000368,TSK006347,1
VEH000411,TSK006347,1
VEH000085,TSK006347,1
VEH000098,TSK006347,1
VEH000395,TSK006347,1
VEH000420,TSK006347,1
VEH000083,TSK006347,1
VEH000024,TSK006347,1
VEH000025,TSK006347,0
VEH000280,TSK006347,0
VEH000523,TSK006347,1
VEH000080,TSK006370,1
VEH000323,TSK006370,1
VEH000340,TSK006370,1
VEH000520,TSK006370,1
VEH000379,TSK006370,1
VEH000328,TSK006370,0
VEH000346,TSK006370,1
VEH000305,TSK006370,1
VEH000060,TSK006370,1
VEH000272,TSK006370,1
VEH000352,TSK006370,1
VEH000045,TSK006370,1
VEH000361,TSK006370,1
VEH000257,TSK006370,0
VEH000421,TSK006370,0
VEH000337,TSK006370,1
VEH000248,TSK006370,1
VEH000402,TSK006370,1
VEH000064,TSK006370,1
VEH000459,TSK006370,1
VEH000484,TSK006370,1
VEH000455,TSK006370,1
VEH000373,TSK006370,1
VEH000516,TSK006370,1
VEH000091,TSK006370,1
VEH000011,TSK006370,1
VEH000277,TSK006370,0
VEH000089,TSK006370,1
VEH000288,TSK006370,0
VEH000377,TSK006370,1
VEH000231,TSK006370,1
VEH000092,TSK006370,1
VEH000263,TSK006370,1
VEH000047,TSK006370,0
VEH000095,TSK006370,1
VEH000440,TSK006370,1
VEH000427,TSK006370,1
VEH000031,TSK006370,1
VEH000309,TSK006370,0
VEH000094,TSK006370,1
VEH000003,TSK006370,1
VEH000318,TSK006370,1
VEH000499,TSK006370,1
VEH000388,TSK006370,0
VEH000397,TSK006370,0
VEH000218,TSK006370,0
VEH000467,TSK006370,1
VEH000100,TSK006370,0
VEH000275,TSK006370,1
VEH000065,TSK006370,1
VEH000299,TSK006370,1
VEH000533,TSK006370,0
VEH000416,TSK006370,1
VEH000058,TSK006370,0
VEH000301,TSK006370,1
VEH000034,TSK006370,1
VEH000043,TSK006370,1
VEH000517,TSK006370,1
VEH000307,TSK006370,1
VEH000422,TSK006370,1
VEH000281,TSK006370,1
VEH000354,TSK006370,1
VEH000386,TSK006370,1
VEH000324,TSK006370,1
VEH000251,TSK006370,1
VEH000313,TSK006370,1
VEH000477,TSK006370,1
VEH000478,TSK006370,1
VEH000265,TSK006370,1
VEH000221,TSK006370,1
VEH000068,TSK006370,1
VEH000431,TSK006370,1
VEH000071,TSK006370,0
VEH000521,TSK006370,1
VEH000053,TSK006370,0
VEH000269,TSK006370,1
VEH000336,TSK006370,1
VEH000341,TSK006370,0
VEH000261,TSK006370,1
VEH000042,TSK006370,1
VEH000353,TSK006370,1
VEH000308,TSK006370,1
VEH000296,TSK006370,0
VEH000078,TSK006370,0
VEH000511,TSK006370,1
VEH000529,TSK006370,1
VEH000220,TSK006370,1
VEH000037,TSK006370,1
VEH000367,TSK006370,1
VEH000368,TSK006370,1
VEH000411,TSK006370,1
VEH000085,TSK006370,1
VEH000098,TSK006370,1
VEH000395,TSK006370,1
VEH000420,TSK006370,1
VEH000083,TSK006370,1
VEH000024,TSK006370,0
VEH000025,TSK006370,1
VEH000280,TSK006370,1
VEH000523,TSK006370,0
VEH000080,TSK006380,1
VEH000323,TSK006380,1
VEH000340,TSK006380,1
VEH000520,TSK006380,1
VEH000379,TSK006380,0
VEH000328,TSK006380,1
VEH000346,TSK006380,1
VEH000305,TSK006380,1
VEH000060,TSK006380,1
VEH000272,TSK006380,0
VEH000352,TSK006380,1
VEH000045,TSK006380,1
VEH000361,TSK006380,1
VEH000257,TSK006380,1
VEH000421,TSK006380,1
VEH000337,TSK006380,1
VEH000248,TSK006380,0
VEH000402,TSK006380,1
VEH000064,TSK006380,1
VEH000459,TSK006380,1
VEH000484,TSK006380,1
VEH000455,TSK006380,1
VEH000373,TSK006380,1
VEH000516,TSK006380,1
VEH000091,TSK006380,0
VEH000011,TSK006380,1
VEH000277,TSK006380,1
VEH000089,TSK006380,1
VEH000288,TSK006380,1
VEH000377,TSK006380,0
VEH000231,TSK006380,1
VEH000092,TSK006380,1
VEH000263,TSK006380,1
VEH000047,TSK006380,0
VEH000095,TSK006380,1
VEH000440,TSK006380,1
VEH000427,TSK006380,1
VEH000031,TSK006380,0
VEH000309,TSK006380,1
VEH000094,TSK006380,1
VEH000003,TSK006380,1
VEH000318,TSK006380,1
VEH000499,TSK006380,1
VEH000388,TSK006380,1
VEH000397,TSK006380,1
VEH000218,TSK006380,1
VEH000467,TSK006380,1
VEH000100,TSK006380,1
VEH000275,TSK006380,1
VEH000065,TSK006380,1
VEH000299,TSK006380,1
VEH000533,TSK006380,1
VEH000416,TSK006380,1
VEH000058,TSK006380,1
VEH000301,TSK006380,0
VEH000034,TSK006380,1
VEH000043,TSK006380,1
VEH000517,TSK006380,1
VEH000307,TSK006380,1
VEH000422,TSK006380,1
VEH000281,TSK006380,1
VEH000354,TSK006380,1
VEH000386,TSK006380,1
VEH000324,TSK006380,1
VEH000251,TSK006380,1
VEH000313,TSK006380,1
VEH000477,TSK006380,0
VEH000478,TSK006380,1
VEH000265,TSK006380,1
VEH000221,TSK006380,1
VEH000068,TSK006380,1
VEH000431,TSK006380,1
VEH000071,TSK006380,0
VEH000521,TSK006380,0
VEH000053,TSK006380,1
VEH000269,TSK006380,0
VEH000336,TSK006380,0
VEH000341,TSK006380,1
VEH000261,TSK006380,1
VEH000042,TSK006380,1
VEH000353,TSK006380,0
VEH000308,TSK006380,1
VEH000296,TSK006380,0
VEH000078,TSK006380,1
VEH000511,TSK006380,1
VEH000529,TSK006380,1
VEH000220,TSK006380,1
VEH000037,TSK006380,1
VEH000367,TSK006380,0
VEH000368,TSK006380,1
VEH000411,TSK006380,1
VEH000085,TSK006380,0
VEH000098,TSK006380,1
VEH000395,TSK006380,1
VEH000420,TSK006380,1
VEH000083,TSK006380,0
VEH000024,TSK006380,0
VEH000025,TSK006380,1
VEH000280,TSK006380,0
VEH000523,TSK006380,1
VEH000080,TSK006400,1
VEH000323,TSK006400,1
VEH000340,TSK006400,1
VEH000520,TSK006400,1
VEH000379,TSK006400,1
VEH000328,TSK006400,1
VEH000346,TSK006400,1
VEH000305,TSK006400,1
VEH000060,TSK006400,0
VEH000272,TSK006400,1
VEH000352,TSK006400,1
VEH000045,TSK006400,0
VEH000361,TSK006400,1
VEH000257,TSK006400,1
VEH000421,TSK006400,1
VEH000337,TSK006400,1
VEH000248,TSK006400,1
VEH000402,TSK006400,1
VEH000064,TSK006400,1
VEH000459,TSK006400,1
VEH000484,TSK006400,1
VEH000455,TSK006400,1
VEH000373,TSK006400,0
VEH000516,TSK006400,1
VEH000091,TSK006400,1
VEH000011,TSK006400,0
VEH000277,TSK006400,0
VEH000089,TSK006400,1
VEH000288,TSK006400,1
VEH000377,TSK006400,1
VEH000231,TSK006400,1
VEH000092,TSK006400,1
VEH000263,TSK006400,1
VEH000047,TSK006400,1
VEH000095,TSK006400,1
VEH000440,TSK006400,1
VEH000427,TSK006400,1
VEH000031,TSK006400,0
VEH000309,TSK006400,1
VEH000094,TSK006400,1
VEH000003,TSK006400,0
VEH000318,TSK006400,1
VEH000499,TSK006400,1
VEH000388,TSK006400,0
VEH000397,TSK006400,1
VEH000218,TSK006400,0
VEH000467,TSK006400,1
VEH000100,TSK006400,1
VEH000275,TSK006400,0
VEH000065,TSK006400,1
VEH000299,TSK006400,1
VEH000533,TSK006400,0
VEH000416,TSK006400,1
VEH000058,TSK006400,1
VEH000301,TSK006400,0
VEH000034,TSK006400,1
VEH000043,TSK006400,0
VEH000517,TSK006400,1
VEH000307,TSK006400,1
VEH000422,TSK006400,1
VEH000281,TSK006400,0
VEH000354,TSK006400,1
VEH000386,TSK006400,0
VEH000324,TSK006400,1
VEH000251,TSK006400,1
VEH000313,TSK006400,1
VEH000477,TSK006400,1
VEH000478,TSK006400,1
VEH000265,TSK006400,1
VEH000221,TSK006400,1
VEH000068,TSK006400,0
VEH000431,TSK006400,1
VEH000071,TSK006400,1
VEH000521,TSK006400,1
VEH000053,TSK006400,1
VEH000269,TSK006400,1
VEH000336,TSK006400,1
VEH000341,TSK006400,0
VEH000261,TSK006400,1
VEH000042,TSK006400,1
VEH000353,TSK006400,1
VEH000308,TSK006400,1
VEH000296,TSK006400,1
VEH000078,TSK006400,1
VEH000511,TSK006400,1
VEH000529,TSK006400,1
VEH000220,TSK006400,1
VEH000037,TSK006400,1
VEH000367,TSK006400,1
VEH000368,TSK006400,1
VEH000411,TSK006400,1
VEH000085,TSK006400,0
VEH000098,TSK006400,1
VEH000395,TSK006400,1
VEH000420,TSK006400,1
VEH000083,TSK006400,0
VEH000024,TSK006400,0
VEH000025,TSK006400,1
VEH000280,TSK006400,1
VEH000523,TSK006400,1
VEH000080,TSK006493,1
VEH000323,TSK006493,1
VEH000340,TSK006493,1
VEH000520,TSK006493,1
VEH000379,TSK006493,1
VEH000328,TSK006493,1
VEH000346,TSK006493,1
VEH000305,TSK006493,0
VEH000060,TSK006493,1
VEH000272,TSK006493,1
VEH000352,TSK006493,1
VEH000045,TSK006493,1
VEH000361,TSK006493,0
VEH000257,TSK006493,1
VEH000421,TSK006493,1
VEH000337,TSK006493,1
VEH000248,TSK006493,0
VEH000402,TSK006493,1
VEH000064,TSK006493,1
VEH000459,TSK006493,0
VEH000484,TSK006493,1
VEH000455,TSK006493,1
VEH000373,TSK006493,1
VEH000516,TSK006493,1
VEH000091,TSK006493,1
VEH000011,TSK006493,1
VEH000277,TSK006493,1
VEH000089,TSK006493,1
VEH000288,TSK006493,1
VEH000377,TSK006493,0
VEH000231,TSK006493,0
VEH000092,TSK006493,1
VEH000263,TSK006493,1
VEH000047,TSK006493,1
VEH000095,TSK006493,1
VEH000440,TSK006493,1
VEH000427,TSK006493,1
VEH000031,TSK006493,1
VEH000309,TSK006493,1
VEH000094,TSK006493,0
VEH000003,TSK006493,1
VEH000318,TSK006493,0
VEH000499,TSK006493,1
VEH000388,TSK006493,0
VEH000397,TSK006493,1
VEH000218,TSK006493,0
VEH000467,TSK006493,0
VEH000100,TSK006493,0
VEH000275,TSK006493,1
VEH000065,TSK006493,1
VEH000299,TSK006493,1
VEH000533,TSK006493,1
VEH000416,TSK006493,1
VEH000058,TSK006493,1
VEH000301,TSK006493,1
VEH000034,TSK006493,1
VEH000043,TSK006493,1
VEH000517,TSK006493,1
VEH000307,TSK006493,1
VEH000422,TSK006493,1
VEH000281,TSK006493,1
VEH000354,TSK006493,1
VEH000386,TSK006493,1
VEH000324,TSK006493,0
VEH000251,TSK006493,0
VEH000313,TSK006493,1
VEH000477,TSK006493,1
VEH000478,TSK006493,1
VEH000265,TSK006493,1
VEH000221,TSK006493,1
VEH000068,TSK006493,1
VEH000431,TSK006493,0
VEH000071,TSK006493,1
VEH000521,TSK006493,1
VEH000053,TSK006493,1
VEH000269,TSK006493,1
VEH000336,TSK006493,1
VEH000341,TSK006493,1
VEH000261,TSK006493,1
VEH000042,TSK006493,1
VEH000353,TSK006493,1
VEH000308,TSK006493,0
VEH000296,TSK006493,1
VEH000078,TSK006493,1
VEH000511,TSK006493,1
VEH000529,TSK006493,1
VEH000220,TSK006493,1
VEH000037,TSK006493,1
VEH000367,TSK006493,1
VEH000368,TSK006493,1
VEH000411,TSK006493,1
VEH000085,TSK006493,0
VEH000098,TSK006493,0
VEH000395,TSK006493,1
VEH000420,TSK006493,0
VEH000083,TSK006493,1
VEH000024,TSK006493,1
VEH000025,TSK006493,1
VEH000280,TSK006493,1
VEH000523,TSK006493,0
VEH000080,TSK006527,1
VEH000323,TSK006527,1
VEH000340,TSK006527,1
VEH000520,TSK006527,1
VEH000379,TSK006527,0
VEH000328,TSK006527,1
VEH000346,TSK006527,1
VEH000305,TSK006527,1
VEH000060,TSK006527,1
VEH000272,TSK006527,1
VEH000352,TSK006527,1
VEH000045,TSK006527,1
VEH000361,TSK006527,1
VEH000257,TSK006527,1
VEH000421,TSK006527,1
VEH000337,TSK006527,1
VEH000248,TSK006527,0
VEH000402,TSK006527,1
VEH000064,TSK006527,1
VEH000459,TSK006527,1
VEH000484,TSK006527,1
VEH000455,TSK006527,1
VEH000373,TSK006527,1
VEH000516,TSK006527,1
VEH000091,TSK006527,1
VEH000011,TSK006527,1
VEH000277,TSK006527,1
VEH000089,TSK006527,1
VEH000288,TSK006527,1
VEH000377,TSK006527,0
VEH000231,TSK006527,1
VEH000092,TSK006527,0
VEH000263,TSK006527,1
VEH000047,TSK006527,1
VEH000095,TSK006527,1
VEH000440,TSK006527,1
VEH000427,TSK006527,1
VEH000031,TSK006527,1
VEH000309,TSK006527,1
VEH000094,TSK006527,0
VEH000003,TSK006527,0
VEH000318,TSK006527,1
VEH000499,TSK006527,1
VEH000388,TSK006527,1
VEH000397,TSK006527,1
VEH000218,TSK006527,1
VEH000467,TSK006527,1
VEH000100,TSK006527,1
VEH000275,TSK006527,0
VEH000065,TSK006527,1
VEH000299,TSK006527,1
VEH000533,TSK006527,1
VEH000416,TSK006527,1
VEH000058,TSK006527,1
VEH000301,TSK006527,1
VEH000034,TSK006527,1
VEH000043,TSK006527,0
VEH000517,TSK006527,1
VEH000307,TSK006527,1
VEH000422,TSK006527,1
VEH000281,TSK006527,0
VEH000354,TSK006527,0
VEH000386,TSK006527,1
VEH000324,TSK006527,1
VEH000251,TSK006527,1
VEH000313,TSK006527,1
VEH000477,TSK006527,1
VEH000478,TSK006527,1
VEH000265,TSK006527,1
VEH000221,TSK006527,1
VEH000068,TSK006527,1
VEH000431,TSK006527,0
VEH000071,TSK006527,0
VEH000521,TSK006527,0
VEH000053,TSK006527,1
VEH000269,TSK006527,0
VEH000336,TSK006527,1
VEH000341,TSK006527,1
VEH000261,TSK006527,1
VEH000042,TSK006527,0
VEH000353,TSK006527,1
VEH000308,TSK006527,1
VEH000296,TSK006527,1
VEH000078,TSK006527,0
VEH000511,TSK006527,1
VEH000529,TSK006527,0
VEH000220,TSK006527,1
VEH000037,TSK006527,1
VEH000367,TSK006527,1
VEH000368,TSK006527,1
VEH000411,TSK006527,0
VEH000085,TSK006527,1
VEH000098,TSK006527,1
VEH000395,TSK006527,1
VEH000420,TSK006527,1
VEH000083,TSK006527,1
VEH000024,TSK006527,1
VEH000025,TSK006527,0
VEH000280,TSK006527,1
VEH000523,TSK006527,0
VEH000080,TSK006544,0
VEH000323,TSK006544,0
VEH000340,TSK006544,1
VEH000520,TSK006544,0
VEH000379,TSK006544,1
VEH000328,TSK006544,1
VEH000346,TSK006544,1
VEH000305,TSK006544,1
VEH000060,TSK006544,1
VEH000272,TSK006544,0
VEH000352,TSK006544,1
VEH000045,TSK006544,1
VEH000361,TSK006544,1
VEH000257,TSK006544,1
VEH000421,TSK006544,1
VEH000337,TSK006544,1
VEH000248,TSK006544,1
VEH000402,TSK006544,1
VEH000064,TSK006544,1
VEH000459,TSK006544,1
VEH000484,TSK006544,0
VEH000455,TSK006544,1
VEH000373,TSK006544,1
VEH000516,TSK006544,1
VEH000091,TSK006544,1
VEH000011,TSK006544,0
VEH000277,TSK006544,1
VEH000089,TSK006544,1
VEH000288,TSK006544,1
VEH000377,TSK006544,1
VEH000231,TSK006544,1
VEH000092,TSK006544,1
VEH000263,TSK006544,1
VEH000047,TSK006544,0
VEH000095,TSK006544,1
VEH000440,TSK006544,1
VEH000427,TSK006544,1
VEH000031,TSK006544,1
VEH000309,TSK006544,1
VEH000094,TSK006544,1
VEH000003,TSK006544,0
VEH000318,TSK006544,1
VEH000499,TSK006544,1
VEH000388,TSK006544,1
VEH000397,TSK006544,1
VEH000218,TSK006544,0
VEH000467,TSK006544,1
VEH000100,TSK006544,0
VEH000275,TSK006544,1
VEH000065,TSK006544,1
VEH000299,TSK006544,1
VEH000533,TSK006544,0
VEH000416,TSK006544,1
VEH000058,TSK006544,0
VEH000301,TSK006544,1
VEH000034,TSK006544,1
VEH000043,TSK006544,1
VEH000517,TSK006544,0
VEH000307,TSK006544,1
VEH000422,TSK006544,1
VEH000281,TSK006544,1
VEH000354,TSK006544,1
VEH000386,TSK006544,1
VEH000324,TSK006544,1
VEH000251,TSK006544,1
VEH000313,TSK006544,1
VEH000477,TSK006544,1
VEH000478,TSK006544,1
VEH000265,TSK006544,0
VEH000221,TSK006544,0
VEH000068,TSK006544,1
VEH000431,TSK006544,1
VEH000071,TSK006544,1
VEH000521,TSK006544,0
VEH000053,TSK006544,1
VEH000269,TSK006544,1
VEH000336,TSK006544,0
VEH000341,TSK006544,1
VEH000261,TSK006544,1
VEH000042,TSK006544,0
VEH000353,TSK006544,0
VEH000308,TSK006544,1
VEH000296,TSK006544,1
VEH000078,TSK006544,1
VEH000511,TSK006544,1
VEH000529,TSK006544,1
VEH000220,TSK006544,1
VEH000037,TSK006544,1
VEH000367,TSK006544,0
VEH000368,TSK006544,1
VEH000411,TSK006544,1
VEH000085,TSK006544,1
VEH000098,TSK006544,1
VEH000395,TSK006544,1
VEH000420,TSK006544,1
VEH000083,TSK006544,1
VEH000024,TSK006544,1
VEH000025,TSK006544,1
VEH000280,TSK006544,1
VEH000523,TSK006544,1
VEH000080,TSK006693,0
VEH000323,TSK006693,1
VEH000340,TSK006693,1
VEH000520,TSK006693,1
VEH000379,TSK006693,1
VEH000328,TSK006693,1
VEH000346,TSK006693,1
VEH000305,TSK006693,1
VEH000060,TSK006693,1
VEH000272,TSK006693,1
VEH000352,TSK006693,1
VEH000045,TSK006693,1
VEH000361,TSK006693,1
VEH000257,TSK006693,1
VEH000421,TSK006693,1
VEH000337,TSK006693,1
VEH000248,TSK006693,1
VEH000402,TSK006693,1
VEH000064,TSK006693,1
VEH000459,TSK006693,1
VEH000484,TSK006693,0
VEH000455,TSK006693,1
VEH000373,TSK006693,1
VEH000516,TSK006693,1
VEH000091,TSK006693,1
VEH000011,TSK006693,1
VEH000277,TSK006693,1
VEH000089,TSK006693,1
VEH000288,TSK006693,0
VEH000377,TSK006693,0
VEH000231,TSK006693,1
VEH000092,TSK006693,1
VEH000263,TSK006693,1
VEH000047,TSK006693,0
VEH000095,TSK006693,1
VEH000440,TSK006693,0
VEH000427,TSK006693,0
VEH000031,TSK006693,1
VEH000309,TSK006693,0
VEH000094,TSK006693,1
VEH000003,TSK006693,1
VEH000318,TSK006693,1
VEH000499,TSK006693,1
VEH000388,TSK006693,1
VEH000397,TSK006693,1
VEH000218,TSK006693,1
VEH000467,TSK006693,1
VEH000100,TSK006693,1
VEH000275,TSK006693,1
VEH000065,TSK006693,0
VEH000299,TSK006693,1
VEH000533,TSK006693,1
VEH000416,TSK006693,1
VEH000058,TSK006693,0
VEH000301,TSK006693,1
VEH000034,TSK006693,0
VEH000043,TSK006693,1
VEH000517,TSK006693,1
VEH000307,TSK006693,1
VEH000422,TSK006693,0
VEH000281,TSK006693,1
VEH000354,TSK006693,1
VEH000386,TSK006693,0
VEH000324,TSK006693,0
VEH000251,TSK006693,1
VEH000313,TSK006693,1
VEH000477,TSK006693,1
VEH000478,TSK006693,1
VEH000265,TSK006693,0
VEH000221,TSK006693,1
VEH000068,TSK006693,1
VEH000431,TSK006693,1
VEH000071,TSK006693,1
VEH000521,TSK006693,1
VEH000053,TSK006693,1
VEH000269,TSK006693,0
VEH000336,TSK006693,1
VEH000341,TSK006693,0
VEH000261,TSK006693,1
VEH000042,TSK006693,1
VEH000353,TSK006693,1
VEH000308,TSK006693,1
VEH000296,TSK006693,1
VEH000078,TSK006693,1
VEH000511,TSK006693,0
VEH000529,TSK006693,0
VEH000220,TSK006693,0
VEH000037,TSK006693,1
VEH000367,TSK006693,1
VEH000368,TSK006693,1
VEH000411,TSK006693,1
VEH000085,TSK006693,1
VEH000098,TSK006693,1
VEH000395,TSK006693,1
VEH000420,TSK006693,1
VEH000083,TSK006693,1
VEH000024,TSK006693,1
VEH000025,TSK006693,1
VEH000280,TSK006693,1
VEH000523,TSK006693,1
VEH000080,TSK006735,1
VEH000323,TSK006735,1
VEH000340,TSK006735,1
VEH000520,TSK006735,1
VEH000379,TSK006735,1
VEH000328,TSK006735,1
VEH000346,TSK006735,1
VEH000305,TSK006735,1
VEH000060,TSK006735,1
VEH000272,TSK006735,0
VEH000352,TSK006735,1
VEH000045,TSK006735,1
VEH000361,TSK006735,1
VEH000257,TSK006735,0
VEH000421,TSK006735,1
VEH000337,TSK006735,0
VEH000248,TSK006735,1
VEH000402,TSK006735,1
VEH000064,TSK006735,1
VEH000459,TSK006735,1
VEH000484,TSK006735,1
VEH000455,TSK006735,1
VEH000373,TSK006735,1
VEH000516,TSK006735,1
VEH000091,TSK006735,1
VEH000011,TSK006735,1
VEH000277,TSK006735,1
VEH000089,TSK006735,1
VEH000288,TSK006735,1
VEH000377,TSK006735,1
VEH000231,TSK006735,1
VEH000092,TSK006735,1
VEH000263,TSK006735,1
VEH000047,TSK006735,0
VEH000095,TSK006735,0
VEH000440,TSK006735,1
VEH000427,TSK006735,1
VEH000031,TSK006735,0
VEH000309,TSK006735,0
VEH000094,TSK006735,0
VEH000003,TSK006735,1
VEH000318,TSK006735,1
VEH000499,TSK006735,1
VEH000388,TSK006735,0
VEH000397,TSK006735,1
VEH000218,TSK006735,1
VEH000467,TSK006735,1
VEH000100,TSK006735,1
VEH000275,TSK006735,1
VEH000065,TSK006735,1
VEH000299,TSK006735,0
VEH000533,TSK006735,1
VEH000416,TSK006735,1
VEH000058,TSK006735,0
VEH000301,TSK006735,1
VEH000034,TSK006735,1
VEH000043,TSK006735,1
VEH000517,TSK006735,1
VEH000307,TSK006735,1
VEH000422,TSK006735,0
VEH000281,TSK006735,1
VEH000354,TSK006735,1
VEH000386,TSK006735,1
VEH000324,TSK006735,1
VEH000251,TSK006735,1
VEH000313,TSK006735,1
VEH000477,TSK006735,1
VEH000478,TSK006735,0
VEH000265,TSK006735,0
VEH000221,TSK006735,0
VEH000068,TSK006735,1
VEH000431,TSK006735,1
VEH000071,TSK006735,1
VEH000521,TSK006735,1
VEH000053,TSK006735,1
VEH000269,TSK006735,1
VEH000336,TSK006735,1
VEH000341,TSK006735,1
VEH000261,TSK006735,1
VEH000042,TSK006735,1
VEH000353,TSK006735,1
VEH000308,TSK006735,1
VEH000296,TSK006735,1
VEH000078,TSK006735,1
VEH000511,TSK006735,0
VEH000529,TSK006735,1
VEH000220,TSK006735,0
VEH000037,TSK006735,0
VEH000367,TSK006735,1
VEH000368,TSK006735,0
VEH000411,TSK006735,0
VEH000085,TSK006735,1
VEH000098,TSK006735,1
VEH000395,TSK006735,1
VEH000420,TSK006735,1
VEH000083,TSK006735,1
VEH000024,TSK006735,1
VEH000025,TSK006735,1
VEH000280,TSK006735,1
VEH000523,TSK006735,1
VEH000080,TSK006753,1
VEH000323,TSK006753,0
VEH000340,TSK006753,1
VEH000520,TSK006753,0
VEH000379,TSK006753,1
VEH000328,TSK006753,1
VEH000346,TSK006753,1
VEH000305,TSK006753,1
VEH000060,TSK006753,1
VEH000272,TSK006753,1
VEH000352,TSK006753,0
VEH000045,TSK006753,0
VEH000361,TSK006753,1
VEH000257,TSK006753,0
VEH000421,TSK006753,1
VEH000337,TSK006753,1
VEH000248,TSK006753,1
VEH000402,TSK006753,1
VEH000064,TSK006753,1
VEH000459,TSK006753,0
VEH000484,TSK006753,1
VEH000455,TSK006753,1
VEH000373,TSK006753,0
VEH000516,TSK006753,1
VEH000091,TSK006753,1
VEH000011,TSK006753,1
VEH000277,TSK006753,1
VEH000089,TSK006753,1
VEH000288,TSK006753,0
VEH000377,TSK006753,1
VEH000231,TSK006753,1
VEH000092,TSK006753,1
VEH000263,TSK006753,1
VEH000047,TSK006753,0
VEH000095,TSK006753,1
VEH000440,TSK006753,1
VEH000427,TSK006753,1
VEH000031,TSK006753,1
VEH000309,TSK006753,1
VEH000094,TSK006753,1
VEH000003,TSK006753,1
VEH000318,TSK006753,0
VEH000499,TSK006753,1
VEH000388,TSK006753,1
VEH000397,TSK006753,1
VEH000218,TSK006753,1
VEH000467,TSK006753,1
VEH000100,TSK006753,1
VEH000275,TSK006753,0
VEH000065,TSK006753,1
VEH000299,TSK006753,0
VEH000533,TSK006753,0
VEH000416,TSK006753,1
VEH000058,TSK006753,1
VEH000301,TSK006753,0
VEH000034,TSK006753,1
VEH000043,TSK006753,1
VEH000517,TSK006753,1
VEH000307,TSK006753,1
VEH000422,TSK006753,1
VEH000281,TSK006753,1
VEH000354,TSK006753,1
VEH000386,TSK006753,1
VEH000324,TSK006753,1
VEH000251,TSK006753,1
VEH000313,TSK006753,1
VEH000477,TSK006753,1
VEH000478,TSK006753,0
VEH000265,TSK006753,1
VEH000221,TSK006753,1
VEH000068,TSK006753,1
VEH000431,TSK006753,1
VEH000071,TSK006753,1
VEH000521,TSK006753,1
VEH000053,TSK006753,1
VEH000269,TSK006753,1
VEH000336,TSK006753,0
VEH000341,TSK006753,1
VEH000261,TSK006753,1
VEH000042,TSK006753,1
VEH000353,TSK006753,1
VEH000308,TSK006753,1
VEH000296,TSK006753,1
VEH000078,TSK006753,1
VEH000511,TSK006753,1
VEH000529,TSK006753,0
VEH000220,TSK006753,1
VEH000037,TSK006753,1
VEH000367,TSK006753,0
VEH000368,TSK006753,1
VEH000411,TSK006753,1
VEH000085,TSK006753,1
VEH000098,TSK006753,0
VEH000395,TSK006753,1
VEH000420,TSK006753,1
VEH000083,TSK006753,1
VEH000024,TSK006753,1
VEH000025,TSK006753,1
VEH000280,TSK006753,1
VEH000523,TSK006753,0
VEH000080,TSK006759,0
VEH000323,TSK006759,1
VEH000340,TSK006759,1
VEH000520,TSK006759,1
VEH000379,TSK006759,1
VEH000328,TSK006759,0
VEH000346,TSK006759,0
VEH000305,TSK006759,0
VEH000060,TSK006759,1
VEH000272,TSK006759,1
VEH000352,TSK006759,0
VEH000045,TSK006759,1
VEH000361,TSK006759,1
VEH000257,TSK006759,1
VEH000421,TSK006759,1
VEH000337,TSK006759,1
VEH000248,TSK006759,1
VEH000402,TSK006759,1
VEH000064,TSK006759,1
VEH000459,TSK006759,1
VEH000484,TSK006759,1
VEH000455,TSK006759,0
VEH000373,TSK006759,1
VEH000516,TSK006759,1
VEH000091,TSK006759,1
VEH000011,TSK006759,1
VEH000277,TSK006759,0
VEH000089,TSK006759,1
VEH000288,TSK006759,0
VEH000377,TSK006759,1
VEH000231,TSK006759,0
VEH000092,TSK006759,1
VEH000263,TSK006759,1
VEH000047,TSK006759,1
VEH000095,TSK006759,0
VEH000440,TSK006759,1
VEH000427,TSK006759,1
VEH000031,TSK006759,1
VEH000309,TSK006759,1
VEH000094,TSK006759,1
VEH000003,TSK006759,1
VEH000318,TSK006759,1
VEH000499,TSK006759,1
VEH000388,TSK006759,1
VEH000397,TSK006759,1
VEH000218,TSK006759,0
VEH000467,TSK006759,1
VEH000100,TSK006759,1
VEH000275,TSK006759,1
VEH000065,TSK006759,1
VEH000299,TSK006759,1
VEH000533,TSK006759,0
VEH000416,TSK006759,0
VEH000058,TSK006759,1
VEH000301,TSK006759,1
VEH000034,TSK006759,0
VEH000043,TSK006759,1
VEH000517,TSK006759,1
VEH000307,TSK006759,1
VEH000422,TSK006759,1
VEH000281,TSK006759,1
VEH000354,TSK006759,1
VEH000386,TSK006759,1
VEH000324,TSK006759,1
VEH000251,TSK006759,1
VEH000313,TSK006759,1
VEH000477,TSK006759,1
VEH000478,TSK006759,1
VEH000265,TSK006759,1
VEH000221,TSK006759,1
VEH000068,TSK006759,1
VEH000431,TSK006759,1
VEH000071,TSK006759,1
VEH000521,TSK006759,0
VEH000053,TSK006759,1
VEH000269,TSK006759,0
VEH000336,TSK006759,1
VEH000341,TSK006759,1
VEH000261,TSK006759,1
VEH000042,TSK006759,1
VEH000353,TSK006759,1
VEH000308,TSK006759,0
VEH000296,TSK006759,1
VEH000078,TSK006759,1
VEH000511,TSK006759,1
VEH000529,TSK006759,1
VEH000220,TSK006759,1
VEH000037,TSK006759,0
VEH000367,TSK006759,0
VEH000368,TSK006759,1
VEH000411,TSK006759,1
VEH000085,TSK006759,0
VEH000098,TSK006759,1
VEH000395,TSK006759,1
VEH000420,TSK006759,1
VEH000083,TSK006759,1
VEH000024,TSK006759,1
VEH000025,TSK006759,1
VEH000280,TSK006759,1
VEH000523,TSK006759,1
VEH000080,TSK006780,1
VEH000323,TSK006780,1
VEH000340,TSK006780,0
VEH000520,TSK006780,0
VEH000379,TSK006780,1
VEH000328,TSK006780,1
VEH000346,TSK006780,0
VEH000305,TSK006780,1
VEH000060,TSK006780,1
VEH000272,TSK006780,1
VEH000352,TSK006780,1
VEH000045,TSK006780,1
VEH000361,TSK006780,0
VEH000257,TSK006780,1
VEH000421,TSK006780,1
VEH000337,TSK006780,1
VEH000248,TSK006780,1
VEH000402,TSK006780,1
VEH000064,TSK006780,1
VEH000459,TSK006780,1
VEH000484,TSK006780,1
VEH000455,TSK006780,1
VEH000373,TSK006780,1
VEH000516,TSK006780,1
VEH000091,TSK006780,0
VEH000011,TSK006780,1
VEH000277,TSK006780,1
VEH000089,TSK006780,1
VEH000288,TSK006780,1
VEH000377,TSK006780,0
VEH000231,TSK006780,1
VEH000092,TSK006780,1
VEH000263,TSK006780,0
VEH000047,TSK006780,0
VEH000095,TSK006780,1
VEH000440,TSK006780,0
VEH000427,TSK006780,1
VEH000031,TSK006780,1
VEH000309,TSK006780,1
VEH000094,TSK006780,1
VEH000003,TSK006780,1
VEH000318,TSK006780,1
VEH000499,TSK006780,1
VEH000388,TSK006780,1
VEH000397,TSK006780,0
VEH000218,TSK006780,1
VEH000467,TSK006780,1
VEH000100,TSK006780,1
VEH000275,TSK006780,0
VEH000065,TSK006780,1
VEH000299,TSK006780,1
VEH000533,TSK006780,1
VEH000416,TSK006780,1
VEH000058,TSK006780,1
VEH000301,TSK006780,1
VEH000034,TSK006780,1
VEH000043,TSK006780,1
VEH000517,TSK006780,1
VEH000307,TSK006780,0
VEH000422,TSK006780,0
VEH000281,TSK006780,0
VEH000354,TSK006780,0
VEH000386,TSK006780,1
VEH000324,TSK006780,0
VEH000251,TSK006780,1
VEH000313,TSK006780,1
VEH000477,TSK006780,1
VEH000478,TSK006780,1
VEH000265,TSK006780,1
VEH000221,TSK006780,0
VEH000068,TSK006780,1
VEH000431,TSK006780,1
VEH000071,TSK006780,0
VEH000521,TSK006780,0
VEH000053,TSK006780,1
VEH000269,TSK006780,1
VEH000336,TSK006780,1
VEH000341,TSK006780,0
VEH000261,TSK006780,1
VEH000042,TSK006780,1
VEH000353,TSK006780,1
VEH000308,TSK006780,1
VEH000296,TSK006780,1
VEH000078,TSK006780,1
VEH000511,TSK006780,1
VEH000529,TSK006780,1
VEH000220,TSK006780,1
VEH000037,TSK006780,1
VEH000367,TSK006780,1
VEH000368,TSK006780,1
VEH000411,TSK006780,1
VEH000085,TSK006780,1
VEH000098,TSK006780,1
VEH000395,TSK006780,1
VEH000420,TSK006780,1
VEH000083,TSK006780,1
VEH000024,TSK006780,1
VEH000025,TSK006780,1
VEH000280,TSK006780,1
VEH000523,TSK006780,1
VEH000080,TSK006826,1
VEH000323,TSK006826,0
VEH000340,TSK006826,0
VEH000520,TSK006826,0
VEH000379,TSK006826,1
VEH000328,TSK006826,1
VEH000346,TSK006826,1
VEH000305,TSK006826,1
VEH000060,TSK006826,1
VEH000272,TSK006826,0
VEH000352,TSK006826,0
VEH000045,TSK006826,1
VEH000361,TSK006826,1
VEH000257,TSK006826,1
VEH000421,TSK006826,1
VEH000337,TSK006826,0
VEH000248,TSK006826,1
VEH000402,TSK006826,0
VEH000064,TSK006826,1
VEH000459,TSK006826,1
VEH000484,TSK006826,0
VEH000455,TSK006826,1
VEH000373,TSK006826,1
VEH000516,TSK006826,1
VEH000091,TSK006826,1
VEH000011,TSK006826,1
VEH000277,TSK006826,1
VEH000089,TSK006826,1
VEH000288,TSK006826,1
VEH000377,TSK006826,1
VEH000231,TSK006826,1
VEH000092,TSK006826,1
VEH000263,TSK006826,1
VEH000047,TSK006826,1
VEH000095,TSK006826,1
VEH000440,TSK006826,1
VEH000427,TSK006826,1
VEH000031,TSK006826,1
VEH000309,TSK006826,1
VEH000094,TSK006826,0
VEH000003,TSK006826,1
VEH000318,TSK006826,1
VEH000499,TSK006826,1
VEH000388,TSK006826,1
VEH000397,TSK006826,1
VEH000218,TSK006826,0
VEH000467,TSK006826,1
VEH000100,TSK006826,1
VEH000275,TSK006826,1
VEH000065,TSK006826,1
VEH000299,TSK006826,1
VEH000533,TSK006826,1
VEH000416,TSK006826,0
VEH000058,TSK006826,1
VEH000301,TSK006826,1
VEH000034,TSK006826,1
VEH000043,TSK006826,1
VEH000517,TSK006826,1
VEH000307,TSK006826,1
VEH000422,TSK006826,1
VEH000281,TSK006826,1
VEH000354,TSK006826,1
VEH000386,TSK006826,1
VEH000324,TSK006826,1
VEH000251,TSK006826,0
VEH000313,TSK006826,1
VEH000477,TSK006826,1
VEH000478,TSK006826,1
VEH000265,TSK006826,1
VEH000221,TSK006826,0
VEH000068,TSK006826,1
VEH000431,TSK006826,1
VEH000071,TSK006826,1
VEH000521,TSK006826,1
VEH000053,TSK006826,0
VEH000269,TSK006826,1
VEH000336,TSK006826,1
VEH000341,TSK006826,1
VEH000261,TSK006826,0
VEH000042,TSK006826,0
VEH000353,TSK006826,0
VEH000308,TSK006826,1
VEH000296,TSK006826,1
VEH000078,TSK006826,1
VEH000511,TSK006826,1
VEH000529,TSK006826,1
VEH000220,TSK006826,1
VEH000037,TSK006826,1
VEH000367,TSK006826,0
VEH000368,TSK006826,0
VEH000411,TSK006826,1
VEH000085,TSK006826,1
VEH000098,TSK006826,1
VEH000395,TSK006826,0
VEH000420,TSK006826,1
VEH000083,TSK006826,1
VEH000024,TSK006826,1
VEH000025,TSK006826,1
VEH000280,TSK006826,1
VEH000523,TSK006826,1
VEH000080,TSK006879,0
VEH000323,TSK006879,1
VEH000340,TSK006879,1
VEH000520,TSK006879,0
VEH000379,TSK006879,1
VEH000328,TSK006879,1
VEH000346,TSK006879,1
VEH000305,TSK006879,1
VEH000060,TSK006879,1
VEH000272,TSK006879,1
VEH000352,TSK006879,1
VEH000045,TSK006879,0
VEH000361,TSK006879,1
VEH000257,TSK006879,0
VEH000421,TSK006879,1
VEH000337,TSK006879,0
VEH000248,TSK006879,1
VEH000402,TSK006879,1
VEH000064,TSK006879,0
VEH000459,TSK006879,0
VEH000484,TSK006879,1
VEH000455,TSK006879,1
VEH000373,TSK006879,1
VEH000516,TSK006879,1
VEH000091,TSK006879,0
VEH000011,TSK006879,1
VEH000277,TSK006879,1
VEH000089,TSK006879,1
VEH000288,TSK006879,1
VEH000377,TSK006879,1
VEH000231,TSK006879,1
VEH000092,TSK006879,1
VEH000263,TSK006879,0
VEH000047,TSK006879,1
VEH000095,TSK006879,1
VEH000440,TSK006879,0
VEH000427,TSK006879,1
VEH000031,TSK006879,1
VEH000309,TSK006879,1
VEH000094,TSK006879,1
VEH000003,TSK006879,1
VEH000318,TSK006879,0
VEH000499,TSK006879,1
VEH000388,TSK006879,1
VEH000397,TSK006879,0
VEH000218,TSK006879,1
VEH000467,TSK006879,1
VEH000100,TSK006879,1
VEH000275,TSK006879,1
VEH000065,TSK006879,0
VEH000299,TSK006879,1
VEH000533,TSK006879,0
VEH000416,TSK006879,0
VEH000058,TSK006879,1
VEH000301,TSK006879,1
VEH000034,TSK006879,1
VEH000043,TSK006879,1
VEH000517,TSK006879,1
VEH000307,TSK006879,1
VEH000422,TSK006879,1
VEH000281,TSK006879,1
VEH000354,TSK006879,1
VEH000386,TSK006879,1
VEH000324,TSK006879,1
VEH000251,TSK006879,1
VEH000313,TSK006879,1
VEH000477,TSK006879,1
VEH000478,TSK006879,1
VEH000265,TSK006879,1
VEH000221,TSK006879,1
VEH000068,TSK006879,1
VEH000431,TSK006879,1
VEH000071,TSK006879,1
VEH000521,TSK006879,0
VEH000053,TSK006879,1
VEH000269,TSK006879,1
VEH000336,TSK006879,1
VEH000341,TSK006879,1
VEH000261,TSK006879,1
VEH000042,TSK006879,1
VEH000353,TSK006879,1
VEH000308,TSK006879,0
VEH000296,TSK006879,1
VEH000078,TSK006879,0
VEH000511,TSK006879,0
VEH000529,TSK006879,1
VEH000220,TSK006879,1
VEH000037,TSK006879,1
VEH000367,TSK006879,1
VEH000368,TSK006879,1
VEH000411,TSK006879,1
VEH000085,TSK006879,1
VEH000098,TSK006879,1
VEH000395,TSK006879,1
VEH000420,TSK006879,0
VEH000083,TSK006879,1
VEH000024,TSK006879,1
VEH000025,TSK006879,1
VEH000280,TSK006879,1
VEH000523,TSK006879,1
VEH000080,TSK006881,1
VEH000323,TSK006881,1
VEH000340,TSK006881,1
VEH000520,TSK006881,1
VEH000379,TSK006881,0
VEH000328,TSK006881,1
VEH000346,TSK006881,0
VEH000305,TSK006881,1
VEH000060,TSK006881,1
VEH000272,TSK006881,1
VEH000352,TSK006881,1
VEH000045,TSK006881,1
VEH000361,TSK006881,1
VEH000257,TSK006881,0
VEH000421,TSK006881,1
VEH000337,TSK006881,1
VEH000248,TSK006881,1
VEH000402,TSK006881,1
VEH000064,TSK006881,1
VEH000459,TSK006881,1
VEH000484,TSK006881,1
VEH000455,TSK006881,0
VEH000373,TSK006881,1
VEH000516,TSK006881,1
VEH000091,TSK006881,1
VEH000011,TSK006881,0
VEH000277,TSK006881,1
VEH000089,TSK006881,0
VEH000288,TSK006881,1
VEH000377,TSK006881,0
VEH000231,TSK006881,1
VEH000092,TSK006881,1
VEH000263,TSK006881,1
VEH000047,TSK006881,1
VEH000095,TSK006881,1
VEH000440,TSK006881,0
VEH000427,TSK006881,0
VEH000031,TSK006881,1
VEH000309,TSK006881,1
VEH000094,TSK006881,1
VEH000003,TSK006881,1
VEH000318,TSK006881,0
VEH000499,TSK006881,0
VEH000388,TSK006881,1
VEH000397,TSK006881,1
VEH000218,TSK006881,0
VEH000467,TSK006881,1
VEH000100,TSK006881,1
VEH000275,TSK006881,1
VEH000065,TSK006881,1
VEH000299,TSK006881,1
VEH000533,TSK006881,0
VEH000416,TSK006881,1
VEH000058,TSK006881,1
VEH000301,TSK006881,1
VEH000034,TSK006881,0
VEH000043,TSK006881,1
VEH000517,TSK006881,1
VEH000307,TSK006881,1
VEH000422,TSK006881,1
VEH000281,TSK006881,1
VEH000354,TSK006881,1
VEH000386,TSK006881,1
VEH000324,TSK006881,1
VEH000251,TSK006881,1
VEH000313,TSK006881,0
VEH000477,TSK006881,1
VEH000478,TSK006881,1
VEH000265,TSK006881,1
VEH000221,TSK006881,1
VEH000068,TSK006881,0
VEH000431,TSK006881,1
VEH000071,TSK006881,1
VEH000521,TSK006881,1
VEH000053,TSK006881,1
VEH000269,TSK006881,1
VEH000336,TSK006881,1
VEH000341,TSK006881,1
VEH000261,TSK006881,0
VEH000042,TSK006881,1
VEH000353,TSK006881,1
VEH000308,TSK006881,1
VEH000296,TSK006881,1
VEH000078,TSK006881,1
VEH000511,TSK006881,0
VEH000529,TSK006881,1
VEH000220,TSK006881,1
VEH000037,TSK006881,1
VEH000367,TSK006881,1
VEH000368,TSK006881,1
VEH000411,TSK006881,1
VEH000085,TSK006881,1
VEH000098,TSK006881,1
VEH000395,TSK006881,1
VEH000420,TSK006881,0
VEH000083,TSK006881,1
VEH000024,TSK006881,1
VEH000025,TSK006881,1
VEH000280,TSK006881,0
VEH000523,TSK006881,1
VEH000080,TSK006896,1
VEH000323,TSK006896,1
VEH000340,TSK006896,1
VEH000520,TSK006896,1
VEH000379,TSK006896,1
VEH000328,TSK006896,1
VEH000346,TSK006896,1
VEH000305,TSK006896,1
VEH000060,TSK006896,0
VEH000272,TSK006896,1
VEH000352,TSK006896,1
VEH000045,TSK006896,1
VEH000361,TSK006896,1
VEH000257,TSK006896,1
VEH000421,TSK006896,1
VEH000337,TSK006896,1
VEH000248,TSK006896,1
VEH000402,TSK006896,1
VEH000064,TSK006896,1
VEH000459,TSK006896,1
VEH000484,TSK006896,1
VEH000455,TSK006896,1
VEH000373,TSK006896,1
VEH000516,TSK006896,1
VEH000091,TSK006896,1
VEH000011,TSK006896,0
VEH000277,TSK006896,1
VEH000089,TSK006896,1
VEH000288,TSK006896,1
VEH000377,TSK006896,1
VEH000231,TSK006896,1
VEH000092,TSK006896,0
VEH000263,TSK006896,1
VEH000047,TSK006896,1
VEH000095,TSK006896,0
VEH000440,TSK006896,1
VEH000427,TSK006896,1
VEH000031,TSK006896,1
VEH000309,TSK006896,1
VEH000094,TSK006896,0
VEH000003,TSK006896,0
VEH000318,TSK006896,1
VEH000499,TSK006896,1
VEH000388,TSK006896,1
VEH000397,TSK006896,1
VEH000218,TSK006896,1
VEH000467,TSK006896,1
VEH000100,TSK006896,1
VEH000275,TSK006896,1
VEH000065,TSK006896,1
VEH000299,TSK006896,1
VEH000533,TSK006896,1
VEH000416,TSK006896,1
VEH000058,TSK006896,1
VEH000301,TSK006896,1
VEH000034,TSK006896,0
VEH000043,TSK006896,1
VEH000517,TSK006896,1
VEH000307,TSK006896,1
VEH000422,TSK006896,1
VEH000281,TSK006896,1
VEH000354,TSK006896,1
VEH000386,TSK006896,1
VEH000324,TSK006896,1
VEH000251,TSK006896,0
VEH000313,TSK006896,1
VEH000477,TSK006896,0
VEH000478,TSK006896,0
VEH000265,TSK006896,0
VEH000221,TSK006896,0
VEH000068,TSK006896,1
VEH000431,TSK006896,1
VEH000071,TSK006896,1
VEH000521,TSK006896,0
VEH000053,TSK006896,1
VEH000269,TSK006896,1
VEH000336,TSK006896,1
VEH000341,TSK006896,1
VEH000261,TSK006896,1
VEH000042,TSK006896,1
VEH000353,TSK006896,1
VEH000308,TSK006896,1
VEH000296,TSK006896,1
VEH000078,TSK006896,0
VEH000511,TSK006896,0
VEH000529,TSK006896,1
VEH000220,TSK006896,0
VEH000037,TSK006896,1
VEH000367,TSK006896,0
VEH000368,TSK006896,0
VEH000411,TSK006896,1
VEH000085,TSK006896,1
VEH000098,TSK006896,1
VEH000395,TSK006896,1
VEH000420,TSK006896,0
VEH000083,TSK006896,0
VEH000024,TSK006896,1
VEH000025,TSK006896,1
VEH000280,TSK006896,1
VEH000523,TSK006896,1
VEH000080,TSK006912,1
VEH000323,TSK006912,1
VEH000340,TSK006912,1
VEH000520,TSK006912,1
VEH000379,TSK006912,1
VEH000328,TSK006912,1
VEH000346,TSK006912,1
VEH000305,TSK006912,1
VEH000060,TSK006912,1
VEH000272,TSK006912,1
VEH000352,TSK006912,0
VEH000045,TSK006912,1
VEH000361,TSK006912,1
VEH000257,TSK006912,1
VEH000421,TSK006912,1
VEH000337,TSK006912,1
VEH000248,TSK006912,1
VEH000402,TSK006912,1
VEH000064,TSK006912,1
VEH000459,TSK006912,1
VEH000484,TSK006912,0
VEH000455,TSK006912,0
VEH000373,TSK006912,1
VEH000516,TSK006912,1
VEH000091,TSK006912,0
VEH000011,TSK006912,1
VEH000277,TSK006912,1
VEH000089,TSK006912,0
VEH000288,TSK006912,0
VEH000377,TSK006912,1
VEH000231,TSK006912,0
VEH000092,TSK006912,0
VEH000263,TSK006912,1
VEH000047,TSK006912,1
VEH000095,TSK006912,0
VEH000440,TSK006912,1
VEH000427,TSK006912,1
VEH000031,TSK006912,0
VEH000309,TSK006912,1
VEH000094,TSK006912,1
VEH000003,TSK006912,1
VEH000318,TSK006912,0
VEH000499,TSK006912,1
VEH000388,TSK006912,1
VEH000397,TSK006912,1
VEH000218,TSK006912,1
VEH000467,TSK006912,1
VEH000100,TSK006912,1
VEH000275,TSK006912,1
VEH000065,TSK006912,0
VEH000299,TSK006912,1
VEH000533,TSK006912,1
VEH000416,TSK006912,1
VEH000058,TSK006912,1
VEH000301,TSK006912,1
VEH000034,TSK006912,1
VEH000043,TSK006912,1
VEH000517,TSK006912,1
VEH000307,TSK006912,1
VEH000422,TSK006912,1
VEH000281,TSK006912,1
VEH000354,TSK006912,0
VEH000386,TSK006912,0
VEH000324,TSK006912,1
VEH000251,TSK006912,1
VEH000313,TSK006912,1
VEH000477,TSK006912,1
VEH000478,TSK006912,1
VEH000265,TSK006912,1
VEH000221,TSK006912,1
VEH000068,TSK006912,0
VEH000431,TSK006912,1
VEH000071,TSK006912,1
VEH000521,TSK006912,0
VEH000053,TSK006912,1
VEH000269,TSK006912,1
VEH000336,TSK006912,1
VEH000341,TSK006912,1
VEH000261,TSK006912,1
VEH000042,TSK006912,1
VEH000353,TSK006912,1
VEH000308,TSK006912,1
VEH000296,TSK006912,0
VEH000078,TSK006912,1
VEH000511,TSK006912,0
VEH000529,TSK006912,1
VEH000220,TSK006912,1
VEH000037,TSK006912,1
VEH000367,TSK006912,1
VEH000368,TSK006912,1
VEH000411,TSK006912,1
VEH000085,TSK006912,1
VEH000098,TSK006912,1
VEH000395,TSK006912,1
VEH000420,TSK006912,1
VEH000083,TSK006912,0
VEH000024,TSK006912,1
VEH000025,TSK006912,1
VEH000280,TSK006912,1
VEH000523,TSK006912,0
VEH000080,TSK006981,0
VEH000323,TSK006981,1
VEH000340,TSK006981,1
VEH000520,TSK006981,1
VEH000379,TSK006981,0
VEH000328,TSK006981,1
VEH000346,TSK006981,0
VEH000305,TSK006981,1
VEH000060,TSK006981,1
VEH000272,TSK006981,0
VEH000352,TSK006981,1
VEH000045,TSK006981,1
VEH000361,TSK006981,1
VEH000257,TSK006981,1
VEH000421,TSK006981,0
VEH000337,TSK006981,1
VEH000248,TSK006981,1
VEH000402,TSK006981,1
VEH000064,TSK006981,1
VEH000459,TSK006981,1
VEH000484,TSK006981,1
VEH000455,TSK006981,1
VEH000373,TSK006981,1
VEH000516,TSK006981,0
VEH000091,TSK006981,1
VEH000011,TSK006981,1
VEH000277,TSK006981,1
VEH000089,TSK006981,1
VEH000288,TSK006981,0
VEH000377,TSK006981,0
VEH000231,TSK006981,1
VEH000092,TSK006981,1
VEH000263,TSK006981,1
VEH000047,TSK006981,1
VEH000095,TSK006981,1
VEH000440,TSK006981,1
VEH000427,TSK006981,1
VEH000031,TSK006981,1
VEH000309,TSK006981,1
VEH000094,TSK006981,1
VEH000003,TSK006981,1
VEH000318,TSK006981,0
VEH000499,TSK006981,1
VEH000388,TSK006981,1
VEH000397,TSK006981,1
VEH000218,TSK006981,1
VEH000467,TSK006981,0
VEH000100,TSK006981,0
VEH000275,TSK006981,1
VEH000065,TSK006981,1
VEH000299,TSK006981,0
VEH000533,TSK006981,1
VEH000416,TSK006981,1
VEH000058,TSK006981,1
VEH000301,TSK006981,1
VEH000034,TSK006981,1
VEH000043,TSK006981,1
VEH000517,TSK006981,1
VEH000307,TSK006981,0
VEH000422,TSK006981,1
VEH000281,TSK006981,0
VEH000354,TSK006981,1
VEH000386,TSK006981,1
VEH000324,TSK006981,1
VEH000251,TSK006981,1
VEH000313,TSK006981,1
VEH000477,TSK006981,1
VEH000478,TSK006981,1
VEH000265,TSK006981,1
VEH000221,TSK006981,1
VEH000068,TSK006981,1
VEH000431,TSK006981,1
VEH000071,TSK006981,1
VEH000521,TSK006981,1
VEH000053,TSK006981,0
VEH000269,TSK006981,0
VEH000336,TSK006981,1
VEH000341,TSK006981,1
VEH000261,TSK006981,1
VEH000042,TSK006981,1
VEH000353,TSK006981,1
VEH000308,TSK006981,1
VEH000296,TSK006981,0
VEH000078,TSK006981,1
VEH000511,TSK006981,1
VEH000529,TSK006981,1
VEH000220,TSK006981,1
VEH000037,TSK006981,1
VEH000367,TSK006981,1
VEH000368,TSK006981,0
VEH000411,TSK006981,1
VEH000085,TSK006981,1
VEH000098,TSK006981,1
VEH000395,TSK006981,1
VEH000420,TSK006981,1
VEH000083,TSK006981,0
VEH000024,TSK006981,0
VEH000025,TSK006981,1
VEH000280,TSK006981,1
VEH000523,TSK006981,1
VEH000080,TSK006989,0
VEH000323,TSK006989,1
VEH000340,TSK006989,1
VEH000520,TSK006989,1
VEH000379,TSK006989,0
VEH000328,TSK006989,1
VEH000346,TSK006989,1
VEH000305,TSK006989,0
VEH000060,TSK006989,1
VEH000272,TSK006989,1
VEH000352,TSK006989,0
VEH000045,TSK006989,1
VEH000361,TSK006989,0
VEH000257,TSK006989,1
VEH000421,TSK006989,0
VEH000337,TSK006989,1
VEH000248,TSK006989,0
VEH000402,TSK006989,1
VEH000064,TSK006989,1
VEH000459,TSK006989,1
VEH000484,TSK006989,1
VEH000455,TSK006989,1
VEH000373,TSK006989,1
VEH000516,TSK006989,1
VEH000091,TSK006989,0
VEH000011,TSK006989,1
VEH000277,TSK006989,1
VEH000089,TSK006989,1
VEH000288,TSK006989,1
VEH000377,TSK006989,1
VEH000231,TSK006989,1
VEH000092,TSK006989,1
VEH000263,TSK006989,1
VEH000047,TSK006989,1
VEH000095,TSK006989,1
VEH000440,TSK006989,1
VEH000427,TSK006989,1
VEH000031,TSK006989,1
VEH000309,TSK006989,1
VEH000094,TSK006989,1
VEH000003,TSK006989,1
VEH000318,TSK006989,1
VEH000499,TSK006989,1
VEH000388,TSK006989,1
VEH000397,TSK006989,1
VEH000218,TSK006989,1
VEH000467,TSK006989,1
VEH000100,TSK006989,1
VEH000275,TSK006989,1
VEH000065,TSK006989,1
VEH000299,TSK006989,1
VEH000533,TSK006989,1
VEH000416,TSK006989,0
VEH000058,TSK006989,1
VEH000301,TSK006989,0
VEH000034,TSK006989,1
VEH000043,TSK006989,1
VEH000517,TSK006989,1
VEH000307,TSK006989,0
VEH000422,TSK006989,1
VEH000281,TSK006989,1
VEH000354,TSK006989,1
VEH000386,TSK006989,0
VEH000324,TSK006989,1
VEH000251,TSK006989,1
VEH000313,TSK006989,0
VEH000477,TSK006989,1
VEH000478,TSK006989,1
VEH000265,TSK006989,1
VEH000221,TSK006989,1
VEH000068,TSK006989,1
VEH000431,TSK006989,0
VEH000071,TSK006989,1
VEH000521,TSK006989,1
VEH000053,TSK006989,1
VEH000269,TSK006989,1
VEH000336,TSK006989,0
VEH000341,TSK006989,1
VEH000261,TSK006989,1
VEH000042,TSK006989,1
VEH000353,TSK006989,1
VEH000308,TSK006989,1
VEH000296,TSK006989,1
VEH000078,TSK006989,1
VEH000511,TSK006989,1
VEH000529,TSK006989,1
VEH000220,TSK006989,1
VEH000037,TSK006989,0
VEH000367,TSK006989,0
VEH000368,TSK006989,1
VEH000411,TSK006989,1
VEH000085,TSK006989,1
VEH000098,TSK006989,1
VEH000395,TSK006989,0
VEH000420,TSK006989,1
VEH000083,TSK006989,0
VEH000024,TSK006989,0
VEH000025,TSK006989,1
VEH000280,TSK006989,1
VEH000523,TSK006989,1
VEH000080,TSK006994,1
VEH000323,TSK006994,1
VEH000340,TSK006994,0
VEH000520,TSK006994,1
VEH000379,TSK006994,1
VEH000328,TSK006994,1
VEH000346,TSK006994,1
VEH000305,TSK006994,1
VEH000060,TSK006994,1
VEH000272,TSK006994,0
VEH000352,TSK006994,1
VEH000045,TSK006994,1
VEH000361,TSK006994,0
VEH000257,TSK006994,1
VEH000421,TSK006994,1
VEH000337,TSK006994,0
VEH000248,TSK006994,1
VEH000402,TSK006994,0
VEH000064,TSK006994,1
VEH000459,TSK006994,1
VEH000484,TSK006994,1
VEH000455,TSK006994,1
VEH000373,TSK006994,1
VEH000516,TSK006994,1
VEH000091,TSK006994,1
VEH000011,TSK006994,0
VEH000277,TSK006994,1
VEH000089,TSK006994,1
VEH000288,TSK006994,1
VEH000377,TSK006994,1
VEH000231,TSK006994,1
VEH000092,TSK006994,1
VEH000263,TSK006994,0
VEH000047,TSK006994,1
VEH000095,TSK006994,1
VEH000440,TSK006994,1
VEH000427,TSK006994,1
VEH000031,TSK006994,0
VEH000309,TSK006994,1
VEH000094,TSK006994,1
VEH000003,TSK006994,1
VEH000318,TSK006994,1
VEH000499,TSK006994,1
VEH000388,TSK006994,1
VEH000397,TSK006994,1
VEH000218,TSK006994,1
VEH000467,TSK006994,1
VEH000100,TSK006994,1
VEH000275,TSK006994,0
VEH000065,TSK006994,1
VEH000299,TSK006994,1
VEH000533,TSK006994,1
VEH000416,TSK006994,1
VEH000058,TSK006994,1
VEH000301,TSK006994,1
VEH000034,TSK006994,1
VEH000043,TSK006994,1
VEH000517,TSK006994,1
VEH000307,TSK006994,0
VEH000422,TSK006994,1
VEH000281,TSK006994,1
VEH000354,TSK006994,1
VEH000386,TSK006994,1
VEH000324,TSK006994,1
VEH000251,TSK006994,0
VEH000313,TSK006994,1
VEH000477,TSK006994,1
VEH000478,TSK006994,1
VEH000265,TSK006994,1
VEH000221,TSK006994,0
VEH000068,TSK006994,0
VEH000431,TSK006994,1
VEH000071,TSK006994,1
VEH000521,TSK006994,1
VEH000053,TSK006994,0
VEH000269,TSK006994,1
VEH000336,TSK006994,1
VEH000341,TSK006994,0
VEH000261,TSK006994,1
VEH000042,TSK006994,1
VEH000353,TSK006994,0
VEH000308,TSK006994,1
VEH000296,TSK006994,1
VEH000078,TSK006994,1
VEH000511,TSK006994,1
VEH000529,TSK006994,1
VEH000220,TSK006994,1
VEH000037,TSK006994,1
VEH000367,TSK006994,0
VEH000368,TSK006994,1
VEH000411,TSK006994,1
VEH000085,TSK006994,1
VEH000098,TSK006994,1
VEH000395,TSK006994,0
VEH000420,TSK006994,0
VEH000083,TSK006994,1
VEH000024,TSK006994,1
VEH000025,TSK006994,1
VEH000280,TSK006994,0
VEH000523,TSK006994,1
